((0, 0),)	8333	956
((0, 0), (0, 1))	22732	1507
((0, 0), (0, 1), (0, 2))	21253	1206
((0, 0), (0, 1), (0, 2), (0, 3))	10730	569
((0, 0), (0, 1), (0, 2), (0, 3), (0, 4))	8529	365
((0, 0), (0, 1), (0, 2), (0, 3), (0, 5))	220	9
((0, 0), (0, 1), (0, 2), (0, 4))	4042	198
((0, 0), (0, 1), (0, 2), (0, 4), (0, 5))	1240	52
((0, 0), (0, 1), (0, 3))	3840	217
((0, 0), (0, 1), (0, 3), (0, 4))	2222	119
((0, 0), (0, 1), (0, 3), (0, 4), (0, 5))	906	41
((0, 0), (0, 1), (0, 4))	108	7
((0, 0), (0, 1), (0, 4), (0, 5))	18	1
((0, 0), (0, 1), (0, 4), (0, 5), (0, 6))	42	1
((0, 0), (0, 1), (0, 5))	76	5
((0, 0), (0, 2))	5780	378
((0, 0), (0, 2), (0, 3))	4605	260
((0, 0), (0, 2), (0, 3), (0, 4))	3377	186
((0, 0), (0, 2), (0, 3), (0, 4), (0, 5))	803	37
((0, 0), (0, 2), (0, 4))	76	5
((0, 0), (0, 3))	720	46
((0, 0), (0, 3), (0, 4))	498	28
((0, 0), (0, 3), (0, 4), (0, 5))	123	8
((0, 0), (0, 4))	65	6
((0, 0), (0, 5))	39	1
((0, 0), (0, 6), (0, 7), (0, 8))	16	1
((0, 0), (0, 7))	19	1
((0, 0), (1, 0))	31460	2101
((0, 0), (1, 0), (2, 0))	31071	1748
((0, 0), (1, 0), (2, 0), (3, 0))	23718	1176
((0, 0), (1, 0), (2, 0), (3, 0), (4, 0))	6569	294
((0, 0), (1, 0), (2, 0), (3, 0), (5, 0))	4330	173
((0, 0), (1, 0), (2, 0), (3, 0), (6, 0))	18	1
((0, 0), (1, 0), (2, 0), (4, 0))	3114	160
((0, 0), (1, 0), (2, 0), (4, 0), (5, 0))	684	29
((0, 0), (1, 0), (2, 0), (4, 0), (6, 0))	18	1
((0, 0), (1, 0), (2, 0), (5, 0))	34	2
((0, 0), (1, 0), (2, 0), (6, 0))	5	1
((0, 0), (1, 0), (3, 0))	3150	182
((0, 0), (1, 0), (3, 0), (4, 0))	1672	95
((0, 0), (1, 0), (3, 0), (4, 0), (5, 0))	498	22
((0, 0), (1, 0), (3, 0), (5, 0))	28	1
((0, 0), (1, 0), (4, 0))	75	6
((0, 0), (1, 0), (4, 0), (5, 0))	14	1
((0, 0), (1, 0), (5, 0))	40	1
((0, 0), (1, 0), (8, 0))	18	2
((0, 0), (2, 0))	3923	280
((0, 0), (2, 0), (3, 0))	2445	140
((0, 0), (2, 0), (3, 0), (4, 0))	2150	113
((0, 0), (2, 0), (3, 0), (4, 0), (5, 0))	354	17
((0, 0), (2, 0), (3, 0), (5, 0))	12	1
((0, 0), (2, 0), (4, 0))	47	2
((0, 0), (2, 0), (4, 0), (5, 0))	27	2
((0, 0), (3, 0))	570	38
((0, 0), (3, 0), (4, 0))	218	16
((0, 0), (3, 0), (4, 0), (5, 0))	52	6
((0, 0), (4, 0))	72	7
((0, 0), (5, 0))	13	1
((0, 0), (5, 0), (6, 0), (7, 0))	27	1
((0, 1),)	6837	999
((0, 1), (0, 2))	3946	356
((0, 1), (0, 2), (0, 3))	5180	308
((0, 1), (0, 2), (0, 3), (0, 4))	5065	264
((0, 1), (0, 2), (0, 3), (0, 4), (0, 5))	7598	322
((0, 1), (0, 2), (0, 3), (0, 4), (0, 6))	1316	50
((0, 1), (0, 2), (0, 3), (0, 5))	171	10
((0, 1), (0, 2), (0, 3), (0, 5), (0, 6))	166	9
((0, 1), (0, 2), (0, 4))	756	43
((0, 1), (0, 2), (0, 4), (0, 5))	257	14
((0, 1), (0, 2), (0, 4), (0, 5), (0, 6))	843	36
((0, 1), (0, 2), (0, 5), (0, 6), (0, 7))	58	2
((0, 1), (0, 3))	587	45
((0, 1), (0, 3), (0, 4))	742	37
((0, 1), (0, 3), (0, 4), (0, 5))	88	6
((0, 1), (0, 3), (0, 4), (0, 5), (0, 6))	256	12
((0, 1), (0, 3), (0, 4), (0, 6), (0, 7))	20	1
((0, 1), (0, 3), (0, 5), (0, 6))	16	1
((0, 1), (0, 4))	56	3
((0, 1), (0, 5))	22	1
((0, 1), (0, 5), (0, 6))	5	1
((0, 1), (0, 8))	18	1
((0, 1), (1, 1))	33061	1915
((0, 1), (1, 1), (2, 1))	40453	2063
((0, 1), (1, 1), (2, 1), (3, 1))	32934	1563
((0, 1), (1, 1), (2, 1), (3, 1), (4, 1))	12186	513
((0, 1), (1, 1), (2, 1), (3, 1), (5, 1))	7066	271
((0, 1), (1, 1), (2, 1), (3, 1), (6, 1))	181	6
((0, 1), (1, 1), (2, 1), (4, 1))	2269	101
((0, 1), (1, 1), (2, 1), (4, 1), (5, 1))	736	34
((0, 1), (1, 1), (2, 1), (5, 1))	186	9
((0, 1), (1, 1), (2, 1), (6, 1))	8	1
((0, 1), (1, 1), (3, 1))	4195	237
((0, 1), (1, 1), (3, 1), (4, 1))	1641	75
((0, 1), (1, 1), (3, 1), (4, 1), (5, 1))	759	32
((0, 1), (1, 1), (3, 1), (5, 1))	63	3
((0, 1), (1, 1), (4, 1))	264	16
((0, 1), (1, 1), (4, 1), (5, 1))	88	5
((0, 1), (1, 1), (4, 1), (5, 1), (6, 1))	26	1
((0, 1), (1, 1), (5, 1))	28	1
((0, 1), (1, 1), (5, 1), (6, 1))	20	1
((0, 1), (1, 1), (6, 1))	26	1
((0, 1), (2, 1))	3139	248
((0, 1), (2, 1), (3, 1))	1264	74
((0, 1), (2, 1), (3, 1), (4, 1))	204	12
((0, 1), (2, 1), (3, 1), (4, 1), (5, 1))	575	26
((0, 1), (2, 1), (4, 1))	30	1
((0, 1), (3, 1))	620	48
((0, 1), (3, 1), (4, 1))	105	6
((0, 1), (3, 1), (4, 1), (5, 1))	19	1
((0, 1), (3, 1), (4, 1), (5, 1), (6, 1))	19	1
((0, 1), (3, 1), (5, 1))	32	2
((0, 1), (4, 1))	52	5
((0, 1), (4, 1), (5, 1))	32	2
((0, 1), (4, 1), (5, 1), (6, 1), (7, 1))	29	1
((0, 1), (5, 1))	56	3
((0, 1), (6, 1))	12	1
((0, 2),)	9871	1354
((0, 2), (0, 3))	6149	568
((0, 2), (0, 3), (0, 4))	16768	1008
((0, 2), (0, 3), (0, 4), (0, 5))	6971	393
((0, 2), (0, 3), (0, 4), (0, 5), (0, 6))	7061	321
((0, 2), (0, 3), (0, 4), (0, 5), (0, 7))	1194	50
((0, 2), (0, 3), (0, 4), (0, 5), (0, 8))	10	1
((0, 2), (0, 3), (0, 4), (0, 6))	246	16
((0, 2), (0, 3), (0, 4), (0, 6), (0, 7))	1294	49
((0, 2), (0, 3), (0, 5))	546	37
((0, 2), (0, 3), (0, 5), (0, 6))	322	16
((0, 2), (0, 3), (0, 5), (0, 6), (0, 7))	278	15
((0, 2), (0, 3), (0, 6))	84	7
((0, 2), (0, 3), (0, 6), (0, 7))	39	2
((0, 2), (0, 3), (0, 6), (0, 7), (0, 8))	49	2
((0, 2), (0, 3), (0, 8))	30	1
((0, 2), (0, 4))	2083	131
((0, 2), (0, 4), (0, 5))	994	49
((0, 2), (0, 4), (0, 5), (0, 6))	202	11
((0, 2), (0, 4), (0, 5), (0, 6), (0, 7))	525	22
((0, 2), (0, 5))	82	9
((0, 2), (0, 5), (0, 6))	24	1
((0, 2), (0, 6))	33	1
((0, 2), (0, 6), (0, 7))	10	1
((0, 2), (0, 8))	29	2
((0, 2), (1, 2))	15098	1006
((0, 2), (1, 2), (2, 2))	44108	2090
((0, 2), (1, 2), (2, 2), (3, 2))	26520	1098
((0, 2), (1, 2), (2, 2), (3, 2), (4, 2))	18715	723
((0, 2), (1, 2), (2, 2), (3, 2), (5, 2))	3139	115
((0, 2), (1, 2), (2, 2), (3, 2), (6, 2))	191	6
((0, 2), (1, 2), (2, 2), (3, 2), (7, 2))	22	1
((0, 2), (1, 2), (2, 2), (4, 2))	777	35
((0, 2), (1, 2), (2, 2), (4, 2), (5, 2))	388	16
((0, 2), (1, 2), (2, 2), (5, 2))	14	1
((0, 2), (1, 2), (2, 2), (5, 2), (6, 2))	116	5
((0, 2), (1, 2), (2, 2), (6, 2))	20	1
((0, 2), (1, 2), (3, 2))	1484	87
((0, 2), (1, 2), (3, 2), (4, 2))	367	18
((0, 2), (1, 2), (3, 2), (4, 2), (5, 2))	224	9
((0, 2), (1, 2), (4, 2))	549	27
((0, 2), (1, 2), (4, 2), (5, 2))	34	2
((0, 2), (1, 2), (5, 2))	88	4
((0, 2), (1, 2), (6, 2))	64	2
((0, 2), (2, 2))	9451	599
((0, 2), (2, 2), (3, 2))	2524	143
((0, 2), (2, 2), (3, 2), (4, 2))	717	41
((0, 2), (2, 2), (3, 2), (4, 2), (5, 2))	233	8
((0, 2), (2, 2), (3, 2), (4, 2), (6, 2))	18	1
((0, 2), (2, 2), (4, 2))	26	1
((0, 2), (3, 2))	652	48
((0, 2), (3, 2), (4, 2))	96	8
((0, 2), (4, 2))	364	31
((0, 2), (5, 2))	3	1
((0, 3),)	7991	1177
((0, 3), (0, 4))	15387	1228
((0, 3), (0, 4), (0, 5))	13045	846
((0, 3), (0, 4), (0, 5), (0, 6))	5188	304
((0, 3), (0, 4), (0, 5), (0, 6), (0, 7))	7922	382
((0, 3), (0, 4), (0, 5), (0, 6), (0, 8))	2833	132
((0, 3), (0, 4), (0, 5), (0, 7))	229	15
((0, 3), (0, 4), (0, 5), (0, 7), (0, 8))	2345	95
((0, 3), (0, 4), (0, 5), (0, 8))	282	17
((0, 3), (0, 4), (0, 6))	1141	74
((0, 3), (0, 4), (0, 6), (0, 7))	217	9
((0, 3), (0, 4), (0, 6), (0, 7), (0, 8))	2896	119
((0, 3), (0, 4), (0, 6), (0, 8))	20	2
((0, 3), (0, 4), (0, 7))	13	1
((0, 3), (0, 4), (0, 7), (0, 8))	67	3
((0, 3), (0, 4), (0, 8))	21	2
((0, 3), (0, 5))	484	61
((0, 3), (0, 5), (0, 6))	350	28
((0, 3), (0, 5), (0, 6), (0, 7))	134	8
((0, 3), (0, 5), (0, 6), (0, 7), (0, 8))	277	13
((0, 3), (0, 5), (0, 7), (0, 8))	32	2
((0, 3), (0, 6))	280	20
((0, 3), (0, 6), (0, 7))	91	6
((0, 3), (0, 6), (0, 7), (0, 8))	152	7
((0, 3), (0, 7))	4	1
((0, 3), (0, 7), (0, 8))	39	2
((0, 3), (0, 8))	105	4
((0, 3), (1, 3))	10636	817
((0, 3), (1, 3), (2, 3))	16220	852
((0, 3), (1, 3), (2, 3), (3, 3))	11610	558
((0, 3), (1, 3), (2, 3), (3, 3), (4, 3))	49993	1831
((0, 3), (1, 3), (2, 3), (3, 3), (5, 3))	4213	157
((0, 3), (1, 3), (2, 3), (3, 3), (6, 3))	45	2
((0, 3), (1, 3), (2, 3), (4, 3))	84	4
((0, 3), (1, 3), (2, 3), (4, 3), (5, 3))	32	1
((0, 3), (1, 3), (2, 3), (5, 3))	122	6
((0, 3), (1, 3), (2, 3), (5, 3), (6, 3))	56	2
((0, 3), (1, 3), (2, 3), (7, 3))	32	1
((0, 3), (1, 3), (3, 3))	3500	200
((0, 3), (1, 3), (3, 3), (4, 3))	175	9
((0, 3), (1, 3), (3, 3), (4, 3), (5, 3))	30	1
((0, 3), (1, 3), (3, 3), (5, 3))	26	1
((0, 3), (1, 3), (3, 3), (5, 3), (6, 3))	15	1
((0, 3), (1, 3), (3, 3), (6, 3), (7, 3))	34	1
((0, 3), (1, 3), (4, 3))	57	2
((0, 3), (1, 3), (5, 3))	84	5
((0, 3), (1, 3), (6, 3))	10	1
((0, 3), (1, 3), (7, 3))	17	1
((0, 3), (1, 3), (7, 3), (8, 3))	20	1
((0, 3), (2, 3))	1884	143
((0, 3), (2, 3), (3, 3))	1857	101
((0, 3), (2, 3), (5, 3))	16	1
((0, 3), (3, 3))	970	77
((0, 3), (3, 3), (4, 3))	29	2
((0, 3), (3, 3), (5, 3))	25	1
((0, 3), (4, 3))	7	1
((0, 3), (5, 3))	16	1
((0, 3), (6, 3), (7, 3))	32	1
((0, 4),)	19866	2154
((0, 4), (0, 5))	23435	1761
((0, 4), (0, 5), (0, 6))	24572	1475
((0, 4), (0, 5), (0, 6), (0, 7))	9902	521
((0, 4), (0, 5), (0, 6), (0, 7), (0, 8))	8942	435
((0, 4), (0, 5), (0, 6), (0, 8))	12322	692
((0, 4), (0, 5), (0, 7))	2079	111
((0, 4), (0, 5), (0, 7), (0, 8))	8204	380
((0, 4), (0, 5), (0, 8))	956	67
((0, 4), (0, 6))	3351	191
((0, 4), (0, 6), (0, 7))	1805	77
((0, 4), (0, 6), (0, 7), (0, 8))	7708	327
((0, 4), (0, 6), (0, 8))	84	6
((0, 4), (0, 7))	203	11
((0, 4), (0, 7), (0, 8))	304	16
((0, 4), (0, 8))	102	8
((0, 4), (1, 4))	49096	3152
((0, 4), (1, 4), (2, 4))	58214	3049
((0, 4), (1, 4), (2, 4), (3, 4))	7400	331
((0, 4), (1, 4), (2, 4), (3, 4), (5, 4))	3623	136
((0, 4), (1, 4), (2, 4), (3, 4), (6, 4))	112	5
((0, 4), (1, 4), (2, 4), (3, 4), (7, 4))	91	3
((0, 4), (1, 4), (2, 4), (3, 4), (8, 4))	96	3
((0, 4), (1, 4), (2, 4), (5, 4))	204	10
((0, 4), (1, 4), (2, 4), (5, 4), (6, 4))	202	7
((0, 4), (1, 4), (2, 4), (7, 4))	26	1
((0, 4), (1, 4), (3, 4))	398	18
((0, 4), (1, 4), (5, 4))	18	1
((0, 4), (2, 4))	11321	711
((0, 4), (2, 4), (3, 4))	158	7
((0, 4), (2, 4), (3, 4), (5, 4))	19	1
((0, 4), (2, 4), (5, 4))	11	1
((0, 4), (3, 4))	43	3
((0, 4), (5, 4))	22	1
((0, 4), (6, 4))	21	1
((0, 5),)	10720	1648
((0, 5), (0, 6))	10263	918
((0, 5), (0, 6), (0, 7))	8331	552
((0, 5), (0, 6), (0, 7), (0, 8))	18045	956
((0, 5), (0, 6), (0, 8))	20995	1293
((0, 5), (0, 7))	942	69
((0, 5), (0, 7), (0, 8))	6804	371
((0, 5), (0, 8))	1295	93
((0, 5), (1, 5))	15788	1144
((0, 5), (1, 5), (2, 5))	14553	785
((0, 5), (1, 5), (2, 5), (3, 5))	13113	625
((0, 5), (1, 5), (2, 5), (3, 5), (4, 5))	107842	3945
((0, 5), (1, 5), (2, 5), (3, 5), (5, 5))	1332	52
((0, 5), (1, 5), (2, 5), (3, 5), (6, 5))	81	3
((0, 5), (1, 5), (2, 5), (3, 5), (7, 5))	36	1
((0, 5), (1, 5), (2, 5), (4, 5))	648	29
((0, 5), (1, 5), (2, 5), (4, 5), (5, 5))	157	6
((0, 5), (1, 5), (2, 5), (5, 5))	29	1
((0, 5), (1, 5), (2, 5), (6, 5))	93	3
((0, 5), (1, 5), (2, 5), (6, 5), (7, 5))	15	1
((0, 5), (1, 5), (2, 5), (7, 5))	26	1
((0, 5), (1, 5), (3, 5))	3025	185
((0, 5), (1, 5), (3, 5), (4, 5))	120	7
((0, 5), (1, 5), (3, 5), (4, 5), (5, 5))	53	3
((0, 5), (1, 5), (3, 5), (4, 5), (6, 5))	32	1
((0, 5), (1, 5), (3, 5), (5, 5))	13	1
((0, 5), (1, 5), (4, 5))	66	3
((0, 5), (1, 5), (4, 5), (5, 5))	44	2
((0, 5), (1, 5), (5, 5))	12	1
((0, 5), (1, 5), (6, 5))	43	2
((0, 5), (1, 5), (7, 5))	6	1
((0, 5), (2, 5))	2072	177
((0, 5), (2, 5), (3, 5))	1262	73
((0, 5), (2, 5), (3, 5), (4, 5))	70	6
((0, 5), (2, 5), (4, 5))	15	1
((0, 5), (3, 5))	729	52
((0, 5), (3, 5), (4, 5))	91	5
((0, 5), (4, 5))	52	2
((0, 5), (5, 5))	174	7
((0, 5), (6, 5))	53	2
((0, 6),)	17290	2390
((0, 6), (0, 7))	10376	925
((0, 6), (0, 7), (0, 8))	48438	2673
((0, 6), (0, 8))	17405	1190
((0, 6), (1, 6))	20955	1334
((0, 6), (1, 6), (2, 6))	74052	3311
((0, 6), (1, 6), (2, 6), (3, 6))	53469	2201
((0, 6), (1, 6), (2, 6), (3, 6), (4, 6))	47682	1806
((0, 6), (1, 6), (2, 6), (3, 6), (5, 6))	1569	64
((0, 6), (1, 6), (2, 6), (3, 6), (6, 6))	180	6
((0, 6), (1, 6), (2, 6), (4, 6))	2095	89
((0, 6), (1, 6), (2, 6), (4, 6), (5, 6))	861	34
((0, 6), (1, 6), (2, 6), (4, 6), (6, 6))	41	2
((0, 6), (1, 6), (2, 6), (5, 6))	82	4
((0, 6), (1, 6), (2, 6), (6, 6), (7, 6))	15	1
((0, 6), (1, 6), (3, 6))	2131	116
((0, 6), (1, 6), (3, 6), (4, 6))	672	30
((0, 6), (1, 6), (3, 6), (4, 6), (5, 6))	447	19
((0, 6), (1, 6), (3, 6), (5, 6))	26	1
((0, 6), (1, 6), (4, 6))	971	42
((0, 6), (1, 6), (4, 6), (5, 6))	146	7
((0, 6), (1, 6), (4, 6), (5, 6), (6, 6))	27	1
((0, 6), (1, 6), (5, 6))	169	10
((0, 6), (1, 6), (6, 6))	121	5
((0, 6), (1, 6), (7, 6))	62	3
((0, 6), (2, 6))	11322	706
((0, 6), (2, 6), (3, 6))	2550	133
((0, 6), (2, 6), (3, 6), (4, 6))	485	26
((0, 6), (2, 6), (3, 6), (4, 6), (5, 6))	157	8
((0, 6), (2, 6), (4, 6))	83	5
((0, 6), (3, 6))	1067	75
((0, 6), (3, 6), (4, 6))	271	15
((0, 6), (4, 6))	921	49
((0, 6), (4, 6), (5, 6))	24	1
((0, 6), (5, 6))	53	4
((0, 7),)	13892	1911
((0, 7), (0, 8))	56765	3716
((0, 7), (1, 7))	77699	4339
((0, 7), (1, 7), (2, 7))	115284	5623
((0, 7), (1, 7), (2, 7), (3, 7))	74527	3418
((0, 7), (1, 7), (2, 7), (3, 7), (4, 7))	35030	1455
((0, 7), (1, 7), (2, 7), (3, 7), (5, 7))	3387	129
((0, 7), (1, 7), (2, 7), (3, 7), (6, 7))	80	3
((0, 7), (1, 7), (2, 7), (4, 7))	4163	184
((0, 7), (1, 7), (2, 7), (4, 7), (5, 7))	1078	50
((0, 7), (1, 7), (2, 7), (5, 7))	222	9
((0, 7), (1, 7), (2, 7), (6, 7))	31	1
((0, 7), (1, 7), (3, 7))	8561	471
((0, 7), (1, 7), (3, 7), (4, 7))	2877	133
((0, 7), (1, 7), (3, 7), (4, 7), (5, 7))	1051	46
((0, 7), (1, 7), (3, 7), (5, 7))	22	1
((0, 7), (1, 7), (4, 7))	675	33
((0, 7), (1, 7), (4, 7), (5, 7))	41	3
((0, 7), (1, 7), (4, 7), (5, 7), (6, 7))	35	1
((0, 7), (1, 7), (5, 7))	60	4
((0, 7), (1, 7), (5, 7), (6, 7))	26	1
((0, 7), (1, 7), (6, 7))	30	1
((0, 7), (1, 7), (7, 7))	20	1
((0, 7), (1, 7), (8, 7))	28	1
((0, 7), (2, 7))	5759	424
((0, 7), (2, 7), (3, 7))	3422	199
((0, 7), (2, 7), (3, 7), (4, 7))	537	31
((0, 7), (2, 7), (3, 7), (4, 7), (5, 7))	1112	50
((0, 7), (2, 7), (3, 7), (5, 7))	44	2
((0, 7), (2, 7), (4, 7))	81	5
((0, 7), (2, 7), (4, 7), (5, 7))	25	2
((0, 7), (2, 7), (4, 7), (5, 7), (6, 7))	22	1
((0, 7), (3, 7))	1846	119
((0, 7), (3, 7), (4, 7))	533	32
((0, 7), (3, 7), (4, 7), (5, 7))	61	4
((0, 7), (3, 7), (4, 7), (5, 7), (6, 7))	20	1
((0, 7), (4, 7))	413	25
((0, 7), (4, 7), (5, 7))	114	4
((0, 7), (5, 7))	90	5
((0, 7), (5, 7), (6, 7), (7, 7))	25	1
((0, 8),)	39319	4086
((0, 8), (1, 8))	116183	7913
((0, 8), (1, 8), (2, 8))	115569	6727
((0, 8), (1, 8), (2, 8), (3, 8))	57082	2994
((0, 8), (1, 8), (2, 8), (3, 8), (4, 8))	23715	1060
((0, 8), (1, 8), (2, 8), (3, 8), (5, 8))	2132	88
((0, 8), (1, 8), (2, 8), (3, 8), (6, 8))	35	2
((0, 8), (1, 8), (2, 8), (4, 8))	8102	422
((0, 8), (1, 8), (2, 8), (4, 8), (5, 8))	2166	99
((0, 8), (1, 8), (2, 8), (5, 8))	113	7
((0, 8), (1, 8), (2, 8), (5, 8), (6, 8))	22	1
((0, 8), (1, 8), (2, 8), (8, 8))	39	1
((0, 8), (1, 8), (3, 8))	9535	610
((0, 8), (1, 8), (3, 8), (4, 8))	3577	194
((0, 8), (1, 8), (3, 8), (4, 8), (5, 8))	1359	62
((0, 8), (1, 8), (3, 8), (5, 8))	42	3
((0, 8), (1, 8), (4, 8))	566	35
((0, 8), (1, 8), (4, 8), (5, 8))	117	6
((0, 8), (1, 8), (5, 8))	267	13
((0, 8), (1, 8), (5, 8), (6, 8))	35	2
((0, 8), (1, 8), (6, 8))	16	1
((0, 8), (1, 8), (7, 8))	14	1
((0, 8), (2, 8))	15164	1066
((0, 8), (2, 8), (3, 8))	9898	593
((0, 8), (2, 8), (3, 8), (4, 8))	7280	380
((0, 8), (2, 8), (3, 8), (4, 8), (5, 8))	2423	116
((0, 8), (2, 8), (4, 8))	223	14
((0, 8), (2, 8), (4, 8), (5, 8))	18	1
((0, 8), (3, 8))	2203	169
((0, 8), (3, 8), (4, 8))	819	56
((0, 8), (3, 8), (4, 8), (5, 8))	300	17
((0, 8), (3, 8), (4, 8), (5, 8), (6, 8))	10	1
((0, 8), (3, 8), (5, 8), (6, 8))	28	1
((0, 8), (4, 8))	780	52
((0, 8), (4, 8), (5, 8))	101	6
((0, 8), (5, 8))	77	5
((0, 8), (6, 8))	37	2
((0, 8), (6, 8), (7, 8))	22	1
((1, 0),)	7939	1018
((1, 0), (1, 1))	27562	1633
((1, 0), (1, 1), (1, 2))	28808	1511
((1, 0), (1, 1), (1, 2), (1, 3))	15116	753
((1, 0), (1, 1), (1, 2), (1, 3), (1, 4))	11545	478
((1, 0), (1, 1), (1, 2), (1, 3), (1, 5))	390	19
((1, 0), (1, 1), (1, 2), (1, 3), (1, 6))	28	1
((1, 0), (1, 1), (1, 2), (1, 3), (1, 7))	25	1
((1, 0), (1, 1), (1, 2), (1, 4))	3330	150
((1, 0), (1, 1), (1, 2), (1, 4), (1, 5))	1535	56
((1, 0), (1, 1), (1, 2), (1, 5))	120	5
((1, 0), (1, 1), (1, 2), (1, 6))	24	1
((1, 0), (1, 1), (1, 3))	7023	352
((1, 0), (1, 1), (1, 3), (1, 4))	3526	155
((1, 0), (1, 1), (1, 3), (1, 4), (1, 5))	1065	42
((1, 0), (1, 1), (1, 4))	598	30
((1, 0), (1, 1), (1, 4), (1, 5))	44	3
((1, 0), (1, 1), (1, 4), (1, 5), (1, 6))	100	4
((1, 0), (1, 1), (1, 5))	29	1
((1, 0), (1, 2))	4914	348
((1, 0), (1, 2), (1, 3))	1905	121
((1, 0), (1, 2), (1, 3), (1, 4))	747	34
((1, 0), (1, 2), (1, 3), (1, 4), (1, 5))	1678	73
((1, 0), (1, 2), (1, 4))	31	4
((1, 0), (1, 2), (1, 5))	10	1
((1, 0), (1, 2), (1, 6))	21	1
((1, 0), (1, 3))	903	74
((1, 0), (1, 3), (1, 4))	232	19
((1, 0), (1, 3), (1, 4), (1, 5))	82	5
((1, 0), (1, 3), (1, 4), (1, 5), (1, 6))	111	5
((1, 0), (1, 4))	183	13
((1, 0), (1, 5))	44	3
((1, 0), (1, 5), (1, 6))	26	1
((1, 0), (1, 7))	45	2
((1, 0), (2, 0))	6024	473
((1, 0), (2, 0), (3, 0))	8623	479
((1, 0), (2, 0), (3, 0), (4, 0))	5276	258
((1, 0), (2, 0), (3, 0), (4, 0), (5, 0))	7823	352
((1, 0), (2, 0), (3, 0), (4, 0), (6, 0))	564	21
((1, 0), (2, 0), (3, 0), (4, 0), (7, 0))	18	1
((1, 0), (2, 0), (3, 0), (5, 0))	634	32
((1, 0), (2, 0), (3, 0), (5, 0), (6, 0))	3423	140
((1, 0), (2, 0), (3, 0), (6, 0))	39	2
((1, 0), (2, 0), (4, 0))	732	46
((1, 0), (2, 0), (4, 0), (5, 0))	188	11
((1, 0), (2, 0), (4, 0), (5, 0), (6, 0))	415	17
((1, 0), (2, 0), (5, 0))	63	5
((1, 0), (2, 0), (6, 0))	35	2
((1, 0), (3, 0))	460	40
((1, 0), (3, 0), (4, 0))	369	21
((1, 0), (3, 0), (4, 0), (5, 0))	94	5
((1, 0), (3, 0), (4, 0), (5, 0), (6, 0))	296	11
((1, 0), (4, 0))	82	9
((1, 0), (5, 0))	0	1
((1, 0), (8, 0))	24	1
((1, 1),)	23181	2029
((1, 1), (1, 2))	26893	1537
((1, 1), (1, 2), (1, 3))	33223	1723
((1, 1), (1, 2), (1, 3), (1, 4))	33875	1530
((1, 1), (1, 2), (1, 3), (1, 4), (1, 5))	11808	480
((1, 1), (1, 2), (1, 3), (1, 4), (1, 6))	4008	144
((1, 1), (1, 2), (1, 3), (1, 4), (1, 7))	208	8
((1, 1), (1, 2), (1, 3), (1, 4), (1, 8))	16	1
((1, 1), (1, 2), (1, 3), (1, 5))	938	44
((1, 1), (1, 2), (1, 3), (1, 5), (1, 6))	341	13
((1, 1), (1, 2), (1, 3), (1, 6))	251	11
((1, 1), (1, 2), (1, 3), (1, 6), (1, 7))	65	3
((1, 1), (1, 2), (1, 3), (1, 8))	71	3
((1, 1), (1, 2), (1, 4))	8542	402
((1, 1), (1, 2), (1, 4), (1, 5))	3473	157
((1, 1), (1, 2), (1, 4), (1, 5), (1, 6))	1541	52
((1, 1), (1, 2), (1, 5))	214	13
((1, 1), (1, 2), (1, 5), (1, 6))	67	2
((1, 1), (1, 2), (1, 8))	14	1
((1, 1), (1, 3))	12955	729
((1, 1), (1, 3), (1, 4))	10582	525
((1, 1), (1, 3), (1, 4), (1, 5))	4363	196
((1, 1), (1, 3), (1, 4), (1, 5), (1, 6))	1843	68
((1, 1), (1, 3), (1, 4), (1, 6))	27	1
((1, 1), (1, 3), (1, 5))	83	5
((1, 1), (1, 3), (1, 6))	26	1
((1, 1), (1, 4))	1869	101
((1, 1), (1, 4), (1, 5))	845	36
((1, 1), (1, 4), (1, 5), (1, 6))	95	5
((1, 1), (1, 4), (1, 5), (1, 6), (1, 7))	145	5
((1, 1), (1, 5))	84	6
((1, 1), (1, 7))	65	2
((1, 1), (2, 1))	39645	2249
((1, 1), (2, 1), (3, 1))	80269	3833
((1, 1), (2, 1), (3, 1), (4, 1))	39466	1793
((1, 1), (2, 1), (3, 1), (4, 1), (5, 1))	14020	577
((1, 1), (2, 1), (3, 1), (4, 1), (6, 1))	1922	71
((1, 1), (2, 1), (3, 1), (4, 1), (7, 1))	140	5
((1, 1), (2, 1), (3, 1), (5, 1))	12312	504
((1, 1), (2, 1), (3, 1), (5, 1), (6, 1))	4607	166
((1, 1), (2, 1), (3, 1), (5, 1), (7, 1))	61	3
((1, 1), (2, 1), (3, 1), (6, 1))	175	7
((1, 1), (2, 1), (3, 1), (6, 1), (7, 1))	123	5
((1, 1), (2, 1), (3, 1), (7, 1))	78	4
((1, 1), (2, 1), (4, 1))	5532	294
((1, 1), (2, 1), (4, 1), (5, 1))	2032	91
((1, 1), (2, 1), (4, 1), (5, 1), (6, 1))	333	12
((1, 1), (2, 1), (4, 1), (5, 1), (7, 1))	27	1
((1, 1), (2, 1), (5, 1))	880	42
((1, 1), (2, 1), (5, 1), (6, 1))	36	1
((1, 1), (2, 1), (5, 1), (6, 1), (7, 1))	65	3
((1, 1), (2, 1), (6, 1))	44	2
((1, 1), (2, 1), (7, 1))	51	2
((1, 1), (3, 1))	8429	496
((1, 1), (3, 1), (4, 1))	4357	223
((1, 1), (3, 1), (4, 1), (5, 1))	2109	95
((1, 1), (3, 1), (4, 1), (5, 1), (6, 1))	328	15
((1, 1), (3, 1), (5, 1))	349	18
((1, 1), (3, 1), (5, 1), (6, 1))	69	3
((1, 1), (3, 1), (5, 1), (6, 1), (7, 1))	37	2
((1, 1), (4, 1))	1267	73
((1, 1), (4, 1), (5, 1))	327	17
((1, 1), (4, 1), (5, 1), (6, 1))	101	4
((1, 1), (4, 1), (5, 1), (6, 1), (7, 1))	26	1
((1, 1), (4, 1), (6, 1))	35	1
((1, 1), (5, 1))	345	21
((1, 1), (5, 1), (6, 1))	70	3
((1, 1), (6, 1))	31	2
((1, 1), (7, 1))	80	3
((1, 2),)	8348	1087
((1, 2), (1, 3))	8436	604
((1, 2), (1, 3), (1, 4))	10748	613
((1, 2), (1, 3), (1, 4), (1, 5))	5914	311
((1, 2), (1, 3), (1, 4), (1, 5), (1, 6))	9069	373
((1, 2), (1, 3), (1, 4), (1, 5), (1, 7))	3861	160
((1, 2), (1, 3), (1, 4), (1, 5), (1, 8))	283	11
((1, 2), (1, 3), (1, 4), (1, 6))	234	11
((1, 2), (1, 3), (1, 4), (1, 6), (1, 7))	4434	159
((1, 2), (1, 3), (1, 4), (1, 6), (1, 8))	77	3
((1, 2), (1, 3), (1, 4), (1, 7))	192	10
((1, 2), (1, 3), (1, 4), (1, 7), (1, 8))	145	7
((1, 2), (1, 3), (1, 5))	375	22
((1, 2), (1, 3), (1, 5), (1, 6))	27	2
((1, 2), (1, 3), (1, 5), (1, 6), (1, 7))	357	14
((1, 2), (1, 3), (1, 6))	33	2
((1, 2), (1, 3), (1, 6), (1, 7))	123	5
((1, 2), (1, 3), (1, 6), (1, 7), (1, 8))	52	2
((1, 2), (1, 3), (1, 7))	94	5
((1, 2), (1, 4))	2033	132
((1, 2), (1, 4), (1, 5))	826	40
((1, 2), (1, 4), (1, 5), (1, 6))	144	6
((1, 2), (1, 4), (1, 5), (1, 6), (1, 7))	1668	64
((1, 2), (1, 4), (1, 5), (1, 7))	45	2
((1, 2), (1, 4), (1, 6))	15	1
((1, 2), (1, 4), (1, 7), (1, 8))	24	1
((1, 2), (1, 5))	73	7
((1, 2), (1, 5), (1, 6))	23	3
((1, 2), (1, 5), (1, 6), (1, 7))	90	3
((1, 2), (1, 5), (1, 6), (1, 7), (1, 8))	38	1
((1, 2), (1, 6))	4	1
((1, 2), (1, 7))	20	1
((1, 2), (2, 2))	34268	1904
((1, 2), (2, 2), (3, 2))	47603	2204
((1, 2), (2, 2), (3, 2), (4, 2))	19666	849
((1, 2), (2, 2), (3, 2), (4, 2), (5, 2))	12853	513
((1, 2), (2, 2), (3, 2), (4, 2), (6, 2))	3056	120
((1, 2), (2, 2), (3, 2), (4, 2), (7, 2))	48	2
((1, 2), (2, 2), (3, 2), (5, 2))	1689	69
((1, 2), (2, 2), (3, 2), (5, 2), (6, 2))	3287	127
((1, 2), (2, 2), (3, 2), (6, 2))	166	5
((1, 2), (2, 2), (3, 2), (6, 2), (7, 2))	36	1
((1, 2), (2, 2), (3, 2), (7, 2))	14	1
((1, 2), (2, 2), (4, 2))	2544	118
((1, 2), (2, 2), (4, 2), (5, 2))	120	5
((1, 2), (2, 2), (4, 2), (5, 2), (6, 2))	232	9
((1, 2), (2, 2), (5, 2))	234	11
((1, 2), (2, 2), (5, 2), (6, 2))	63	4
((1, 2), (2, 2), (5, 2), (6, 2), (7, 2))	104	4
((1, 2), (2, 2), (6, 2))	53	4
((1, 2), (2, 2), (6, 2), (7, 2))	18	1
((1, 2), (2, 2), (6, 2), (7, 2), (8, 2))	12	1
((1, 2), (2, 2), (6, 2), (8, 2))	26	1
((1, 2), (2, 2), (7, 2))	22	1
((1, 2), (3, 2))	2496	166
((1, 2), (3, 2), (4, 2))	674	44
((1, 2), (3, 2), (4, 2), (5, 2))	107	5
((1, 2), (3, 2), (4, 2), (5, 2), (6, 2))	54	2
((1, 2), (3, 2), (4, 2), (6, 2))	14	1
((1, 2), (3, 2), (5, 2))	51	1
((1, 2), (4, 2))	1306	82
((1, 2), (4, 2), (5, 2), (6, 2))	24	1
((1, 2), (5, 2))	100	4
((1, 2), (5, 2), (6, 2))	46	2
((1, 2), (6, 2))	83	3
((1, 2), (6, 2), (7, 2))	30	1
((1, 2), (8, 2))	55	1
((1, 3),)	17321	2348
((1, 3), (1, 4))	17175	1191
((1, 3), (1, 4), (1, 5))	17456	982
((1, 3), (1, 4), (1, 5), (1, 6))	5369	250
((1, 3), (1, 4), (1, 5), (1, 6), (1, 7))	9985	423
((1, 3), (1, 4), (1, 5), (1, 6), (1, 8))	3446	134
((1, 3), (1, 4), (1, 5), (1, 7))	6875	298
((1, 3), (1, 4), (1, 5), (1, 7), (1, 8))	4637	176
((1, 3), (1, 4), (1, 5), (1, 8))	131	6
((1, 3), (1, 4), (1, 6))	1105	51
((1, 3), (1, 4), (1, 6), (1, 7))	5644	241
((1, 3), (1, 4), (1, 6), (1, 7), (1, 8))	5014	184
((1, 3), (1, 4), (1, 7))	1111	48
((1, 3), (1, 4), (1, 7), (1, 8))	359	15
((1, 3), (1, 4), (1, 8))	136	6
((1, 3), (1, 5))	1474	109
((1, 3), (1, 5), (1, 6))	677	35
((1, 3), (1, 5), (1, 6), (1, 7))	1617	68
((1, 3), (1, 5), (1, 6), (1, 7), (1, 8))	411	17
((1, 3), (1, 5), (1, 7))	51	5
((1, 3), (1, 6))	257	18
((1, 3), (1, 6), (1, 7))	514	31
((1, 3), (1, 6), (1, 7), (1, 8))	177	9
((1, 3), (1, 7))	286	19
((1, 3), (1, 7), (1, 8))	31	2
((1, 3), (1, 8))	57	4
((1, 3), (2, 3))	21795	1287
((1, 3), (2, 3), (3, 3))	36987	1774
((1, 3), (2, 3), (3, 3), (4, 3))	27622	1040
((1, 3), (2, 3), (3, 3), (4, 3), (5, 3))	28091	974
((1, 3), (2, 3), (3, 3), (4, 3), (6, 3))	521	18
((1, 3), (2, 3), (3, 3), (4, 3), (7, 3))	58	2
((1, 3), (2, 3), (3, 3), (5, 3))	2191	87
((1, 3), (2, 3), (3, 3), (5, 3), (6, 3))	2241	78
((1, 3), (2, 3), (3, 3), (5, 3), (7, 3))	92	3
((1, 3), (2, 3), (3, 3), (6, 3))	69	3
((1, 3), (2, 3), (3, 3), (6, 3), (7, 3))	79	2
((1, 3), (2, 3), (3, 3), (7, 3))	16	1
((1, 3), (2, 3), (4, 3))	859	40
((1, 3), (2, 3), (4, 3), (5, 3))	64	3
((1, 3), (2, 3), (4, 3), (5, 3), (6, 3))	30	1
((1, 3), (2, 3), (5, 3))	590	25
((1, 3), (2, 3), (5, 3), (6, 3))	152	4
((1, 3), (2, 3), (5, 3), (6, 3), (7, 3))	11	1
((1, 3), (2, 3), (6, 3))	176	6
((1, 3), (2, 3), (7, 3))	20	1
((1, 3), (3, 3))	10838	721
((1, 3), (3, 3), (4, 3))	729	34
((1, 3), (3, 3), (4, 3), (5, 3))	75	3
((1, 3), (3, 3), (5, 3))	195	9
((1, 3), (3, 3), (5, 3), (6, 3))	22	1
((1, 3), (4, 3))	289	18
((1, 3), (4, 3), (5, 3))	22	1
((1, 3), (5, 3))	475	22
((1, 3), (5, 3), (6, 3))	39	2
((1, 3), (5, 3), (6, 3), (7, 3), (8, 3))	19	1
((1, 4),)	14968	1966
((1, 4), (1, 5))	14993	1126
((1, 4), (1, 5), (1, 6))	10203	581
((1, 4), (1, 5), (1, 6), (1, 7))	22208	1033
((1, 4), (1, 5), (1, 6), (1, 7), (1, 8))	9137	379
((1, 4), (1, 5), (1, 6), (1, 8))	1210	66
((1, 4), (1, 5), (1, 7))	11713	607
((1, 4), (1, 5), (1, 7), (1, 8))	8774	390
((1, 4), (1, 5), (1, 8))	658	38
((1, 4), (1, 6))	2923	169
((1, 4), (1, 6), (1, 7))	21395	957
((1, 4), (1, 6), (1, 7), (1, 8))	10143	420
((1, 4), (1, 6), (1, 8))	97	5
((1, 4), (1, 7))	2138	112
((1, 4), (1, 7), (1, 8))	913	44
((1, 4), (1, 8))	388	26
((1, 4), (2, 4))	17869	1210
((1, 4), (2, 4), (3, 4))	8252	378
((1, 4), (2, 4), (3, 4), (5, 4))	513	23
((1, 4), (2, 4), (3, 4), (5, 4), (6, 4))	1814	68
((1, 4), (2, 4), (3, 4), (6, 4))	34	2
((1, 4), (2, 4), (3, 4), (6, 4), (7, 4))	244	10
((1, 4), (2, 4), (3, 4), (7, 4))	31	1
((1, 4), (2, 4), (3, 4), (7, 4), (8, 4))	161	6
((1, 4), (2, 4), (3, 4), (8, 4))	100	4
((1, 4), (2, 4), (5, 4))	321	13
((1, 4), (2, 4), (5, 4), (6, 4))	49	2
((1, 4), (2, 4), (5, 4), (6, 4), (7, 4))	67	4
((1, 4), (2, 4), (8, 4))	49	2
((1, 4), (3, 4))	359	25
((1, 4), (3, 4), (5, 4), (6, 4), (7, 4))	35	2
((1, 4), (3, 4), (6, 4))	10	1
((1, 4), (5, 4))	26	2
((1, 4), (6, 4))	20	2
((1, 5),)	22663	2752
((1, 5), (1, 6))	11985	869
((1, 5), (1, 6), (1, 7))	40079	2017
((1, 5), (1, 6), (1, 7), (1, 8))	21461	995
((1, 5), (1, 6), (1, 8))	3600	217
((1, 5), (1, 7))	23790	1270
((1, 5), (1, 7), (1, 8))	25967	1261
((1, 5), (1, 8))	2203	171
((1, 5), (2, 5))	20125	1172
((1, 5), (2, 5), (3, 5))	34633	1661
((1, 5), (2, 5), (3, 5), (4, 5))	58454	2201
((1, 5), (2, 5), (3, 5), (4, 5), (5, 5))	69395	2388
((1, 5), (2, 5), (3, 5), (4, 5), (6, 5))	922	31
((1, 5), (2, 5), (3, 5), (4, 5), (7, 5))	105	3
((1, 5), (2, 5), (3, 5), (5, 5))	1428	56
((1, 5), (2, 5), (3, 5), (5, 5), (6, 5))	199	7
((1, 5), (2, 5), (3, 5), (6, 5))	72	3
((1, 5), (2, 5), (3, 5), (7, 5))	24	1
((1, 5), (2, 5), (3, 5), (7, 5), (8, 5))	54	2
((1, 5), (2, 5), (4, 5))	1437	65
((1, 5), (2, 5), (4, 5), (5, 5))	340	15
((1, 5), (2, 5), (4, 5), (5, 5), (6, 5))	47	2
((1, 5), (2, 5), (5, 5))	639	21
((1, 5), (2, 5), (5, 5), (6, 5))	78	2
((1, 5), (2, 5), (6, 5))	219	8
((1, 5), (2, 5), (6, 5), (7, 5))	38	2
((1, 5), (2, 5), (6, 5), (7, 5), (8, 5))	19	1
((1, 5), (2, 5), (7, 5))	26	2
((1, 5), (2, 5), (8, 5))	22	1
((1, 5), (3, 5))	7496	474
((1, 5), (3, 5), (4, 5))	740	33
((1, 5), (3, 5), (4, 5), (5, 5))	200	9
((1, 5), (3, 5), (5, 5))	66	3
((1, 5), (4, 5))	379	24
((1, 5), (4, 5), (5, 5))	103	5
((1, 5), (5, 5))	554	25
((1, 5), (5, 5), (6, 5))	16	1
((1, 5), (6, 5))	55	3
((1, 5), (6, 5), (7, 5))	37	1
((1, 5), (6, 5), (7, 5), (8, 5))	20	1
((1, 5), (7, 5))	42	2
((1, 6),)	15298	1767
((1, 6), (1, 7))	40123	2151
((1, 6), (1, 7), (1, 8))	56941	2722
((1, 6), (1, 8))	7799	567
((1, 6), (2, 6))	51837	2631
((1, 6), (2, 6), (3, 6))	81711	3499
((1, 6), (2, 6), (3, 6), (4, 6))	42062	1713
((1, 6), (2, 6), (3, 6), (4, 6), (5, 6))	34228	1385
((1, 6), (2, 6), (3, 6), (4, 6), (6, 6))	6492	251
((1, 6), (2, 6), (3, 6), (4, 6), (7, 6))	87	3
((1, 6), (2, 6), (3, 6), (5, 6))	589	26
((1, 6), (2, 6), (3, 6), (5, 6), (6, 6))	1162	45
((1, 6), (2, 6), (3, 6), (5, 6), (7, 6))	60	2
((1, 6), (2, 6), (3, 6), (6, 6))	39	2
((1, 6), (2, 6), (3, 6), (6, 6), (7, 6))	60	2
((1, 6), (2, 6), (4, 6))	3863	183
((1, 6), (2, 6), (4, 6), (5, 6))	655	26
((1, 6), (2, 6), (4, 6), (5, 6), (6, 6))	968	39
((1, 6), (2, 6), (4, 6), (5, 6), (7, 6))	10	1
((1, 6), (2, 6), (4, 6), (6, 6), (7, 6))	16	1
((1, 6), (2, 6), (5, 6))	267	13
((1, 6), (2, 6), (5, 6), (6, 6))	88	4
((1, 6), (2, 6), (6, 6))	52	3
((1, 6), (2, 6), (7, 6))	18	1
((1, 6), (2, 6), (7, 6), (8, 6))	27	1
((1, 6), (3, 6))	3686	229
((1, 6), (3, 6), (4, 6))	1206	64
((1, 6), (3, 6), (4, 6), (5, 6))	286	12
((1, 6), (3, 6), (4, 6), (5, 6), (6, 6))	220	10
((1, 6), (3, 6), (4, 6), (6, 6))	19	1
((1, 6), (3, 6), (5, 6), (6, 6))	22	1
((1, 6), (4, 6))	2154	118
((1, 6), (4, 6), (5, 6))	282	14
((1, 6), (4, 6), (5, 6), (6, 6))	71	4
((1, 6), (5, 6))	356	19
((1, 6), (5, 6), (6, 6))	36	2
((1, 6), (6, 6))	170	8
((1, 6), (7, 6))	10	1
((1, 6), (8, 6))	20	1
((1, 7),)	48623	4059
((1, 7), (1, 8))	62227	3307
((1, 7), (2, 7))	104795	5470
((1, 7), (2, 7), (3, 7))	167210	7781
((1, 7), (2, 7), (3, 7), (4, 7))	98478	4199
((1, 7), (2, 7), (3, 7), (4, 7), (5, 7))	37659	1470
((1, 7), (2, 7), (3, 7), (4, 7), (6, 7))	3465	117
((1, 7), (2, 7), (3, 7), (4, 7), (7, 7))	185	7
((1, 7), (2, 7), (3, 7), (4, 7), (8, 7))	20	1
((1, 7), (2, 7), (3, 7), (5, 7))	5836	251
((1, 7), (2, 7), (3, 7), (5, 7), (6, 7))	1836	68
((1, 7), (2, 7), (3, 7), (5, 7), (7, 7))	37	1
((1, 7), (2, 7), (3, 7), (6, 7))	168	6
((1, 7), (2, 7), (3, 7), (6, 7), (7, 7))	60	2
((1, 7), (2, 7), (3, 7), (7, 7))	11	1
((1, 7), (2, 7), (3, 7), (8, 7))	33	1
((1, 7), (2, 7), (4, 7))	11480	570
((1, 7), (2, 7), (4, 7), (5, 7))	2690	131
((1, 7), (2, 7), (4, 7), (5, 7), (6, 7))	1282	44
((1, 7), (2, 7), (4, 7), (5, 7), (7, 7))	8	1
((1, 7), (2, 7), (4, 7), (6, 7))	57	3
((1, 7), (2, 7), (5, 7))	681	27
((1, 7), (2, 7), (5, 7), (6, 7))	109	6
((1, 7), (2, 7), (5, 7), (6, 7), (7, 7))	23	1
((1, 7), (2, 7), (6, 7))	61	3
((1, 7), (2, 7), (6, 7), (7, 7))	30	1
((1, 7), (2, 7), (7, 7))	31	1
((1, 7), (2, 7), (8, 7))	120	6
((1, 7), (3, 7))	18553	1042
((1, 7), (3, 7), (4, 7))	8565	434
((1, 7), (3, 7), (4, 7), (5, 7))	2248	109
((1, 7), (3, 7), (4, 7), (5, 7), (6, 7))	1237	50
((1, 7), (3, 7), (4, 7), (6, 7))	17	1
((1, 7), (3, 7), (5, 7))	195	12
((1, 7), (3, 7), (5, 7), (6, 7))	55	3
((1, 7), (4, 7))	3389	191
((1, 7), (4, 7), (5, 7))	1164	57
((1, 7), (4, 7), (5, 7), (6, 7))	137	6
((1, 7), (4, 7), (5, 7), (6, 7), (7, 7))	60	3
((1, 7), (5, 7))	596	38
((1, 7), (5, 7), (6, 7))	40	3
((1, 7), (5, 7), (6, 7), (7, 7))	20	1
((1, 7), (5, 7), (6, 7), (8, 7))	17	1
((1, 7), (6, 7))	53	3
((1, 7), (6, 7), (7, 7))	20	1
((1, 7), (8, 7))	39	1
((1, 8),)	20521	2474
((1, 8), (2, 8))	20415	1437
((1, 8), (2, 8), (3, 8))	19650	1184
((1, 8), (2, 8), (3, 8), (4, 8))	17233	904
((1, 8), (2, 8), (3, 8), (4, 8), (5, 8))	20604	940
((1, 8), (2, 8), (3, 8), (4, 8), (6, 8))	1879	77
((1, 8), (2, 8), (3, 8), (4, 8), (8, 8))	8	1
((1, 8), (2, 8), (3, 8), (5, 8))	467	31
((1, 8), (2, 8), (3, 8), (5, 8), (6, 8))	1189	52
((1, 8), (2, 8), (3, 8), (5, 8), (7, 8))	11	1
((1, 8), (2, 8), (3, 8), (6, 8))	74	5
((1, 8), (2, 8), (3, 8), (6, 8), (7, 8))	22	1
((1, 8), (2, 8), (4, 8))	2287	139
((1, 8), (2, 8), (4, 8), (5, 8))	351	23
((1, 8), (2, 8), (4, 8), (5, 8), (6, 8))	1009	46
((1, 8), (2, 8), (5, 8))	156	11
((1, 8), (2, 8), (5, 8), (6, 8), (7, 8))	24	1
((1, 8), (2, 8), (6, 8))	153	6
((1, 8), (2, 8), (7, 8))	28	1
((1, 8), (3, 8))	1249	91
((1, 8), (3, 8), (4, 8))	953	59
((1, 8), (3, 8), (4, 8), (5, 8))	129	12
((1, 8), (3, 8), (4, 8), (5, 8), (6, 8))	747	33
((1, 8), (4, 8))	247	21
((1, 8), (4, 8), (5, 8))	24	1
((1, 8), (5, 8))	206	10
((1, 8), (5, 8), (6, 8))	14	1
((1, 8), (6, 8))	55	4
((1, 8), (7, 8))	18	1
((1, 8), (8, 8))	69	3
((2, 0),)	16350	1986
((2, 0), (2, 1))	17948	1064
((2, 0), (2, 1), (2, 2))	32201	1535
((2, 0), (2, 1), (2, 2), (2, 3))	14374	612
((2, 0), (2, 1), (2, 2), (2, 3), (2, 4))	9151	360
((2, 0), (2, 1), (2, 2), (2, 3), (2, 5))	266	10
((2, 0), (2, 1), (2, 2), (2, 4))	1868	78
((2, 0), (2, 1), (2, 2), (2, 4), (2, 5))	1587	61
((2, 0), (2, 1), (2, 2), (2, 5))	32	1
((2, 0), (2, 1), (2, 3))	2675	141
((2, 0), (2, 1), (2, 3), (2, 4))	711	35
((2, 0), (2, 1), (2, 3), (2, 4), (2, 5))	707	32
((2, 0), (2, 1), (2, 3), (2, 6))	26	1
((2, 0), (2, 1), (2, 4))	538	27
((2, 0), (2, 1), (2, 4), (2, 5))	84	3
((2, 0), (2, 1), (2, 4), (2, 5), (2, 6))	165	6
((2, 0), (2, 1), (2, 4), (2, 6))	22	1
((2, 0), (2, 1), (2, 5))	40	3
((2, 0), (2, 1), (2, 6), (2, 7))	26	1
((2, 0), (2, 1), (2, 7))	50	2
((2, 0), (2, 2))	20546	1225
((2, 0), (2, 2), (2, 3))	4923	260
((2, 0), (2, 2), (2, 3), (2, 4))	1315	67
((2, 0), (2, 2), (2, 3), (2, 4), (2, 5))	1120	46
((2, 0), (2, 2), (2, 4))	163	6
((2, 0), (2, 3))	1302	112
((2, 0), (2, 3), (2, 4))	391	24
((2, 0), (2, 3), (2, 4), (2, 5))	36	3
((2, 0), (2, 3), (2, 4), (2, 5), (2, 6))	116	5
((2, 0), (2, 4))	364	35
((2, 0), (2, 4), (2, 5))	38	2
((2, 0), (2, 5))	45	2
((2, 0), (3, 0))	12394	928
((2, 0), (3, 0), (4, 0))	14917	872
((2, 0), (3, 0), (4, 0), (5, 0))	7268	424
((2, 0), (3, 0), (4, 0), (5, 0), (6, 0))	10934	502
((2, 0), (3, 0), (4, 0), (5, 0), (7, 0))	896	34
((2, 0), (3, 0), (4, 0), (6, 0))	217	15
((2, 0), (3, 0), (4, 0), (6, 0), (7, 0))	488	20
((2, 0), (3, 0), (4, 0), (7, 0))	6	1
((2, 0), (3, 0), (5, 0))	2521	143
((2, 0), (3, 0), (5, 0), (6, 0))	713	32
((2, 0), (3, 0), (5, 0), (6, 0), (7, 0))	3867	145
((2, 0), (3, 0), (5, 0), (6, 0), (8, 0))	12	1
((2, 0), (3, 0), (5, 0), (7, 0))	18	1
((2, 0), (3, 0), (5, 0), (8, 0))	14	1
((2, 0), (3, 0), (6, 0))	148	8
((2, 0), (3, 0), (7, 0))	28	1
((2, 0), (3, 0), (8, 0))	55	2
((2, 0), (4, 0))	989	80
((2, 0), (4, 0), (5, 0))	579	42
((2, 0), (4, 0), (5, 0), (6, 0))	154	5
((2, 0), (4, 0), (5, 0), (6, 0), (7, 0))	156	8
((2, 0), (5, 0))	239	23
((2, 0), (5, 0), (6, 0))	41	1
((2, 0), (5, 0), (6, 0), (7, 0), (8, 0))	88	3
((2, 0), (6, 0))	74	9
((2, 0), (7, 0))	5	1
((2, 0), (7, 0), (8, 0))	16	1
((2, 1),)	9272	1094
((2, 1), (2, 2))	27720	1509
((2, 1), (2, 2), (2, 3))	22665	1094
((2, 1), (2, 2), (2, 3), (2, 4))	8443	399
((2, 1), (2, 2), (2, 3), (2, 4), (2, 5))	8355	343
((2, 1), (2, 2), (2, 3), (2, 4), (2, 6))	5729	215
((2, 1), (2, 2), (2, 3), (2, 4), (2, 7))	217	9
((2, 1), (2, 2), (2, 3), (2, 5))	71	3
((2, 1), (2, 2), (2, 3), (2, 5), (2, 6))	197	8
((2, 1), (2, 2), (2, 3), (2, 6))	89	5
((2, 1), (2, 2), (2, 3), (2, 7), (2, 8))	41	2
((2, 1), (2, 2), (2, 3), (2, 8))	17	2
((2, 1), (2, 2), (2, 4))	4663	223
((2, 1), (2, 2), (2, 4), (2, 5))	916	35
((2, 1), (2, 2), (2, 4), (2, 5), (2, 6))	1510	61
((2, 1), (2, 2), (2, 4), (2, 6))	112	4
((2, 1), (2, 2), (2, 4), (2, 6), (2, 7))	30	2
((2, 1), (2, 2), (2, 5))	18	2
((2, 1), (2, 2), (2, 6))	46	2
((2, 1), (2, 2), (2, 7), (2, 8))	22	1
((2, 1), (2, 3))	2890	178
((2, 1), (2, 3), (2, 4))	1493	77
((2, 1), (2, 3), (2, 4), (2, 5))	301	15
((2, 1), (2, 3), (2, 4), (2, 5), (2, 6))	1055	44
((2, 1), (2, 4))	1656	111
((2, 1), (2, 4), (2, 5))	321	16
((2, 1), (2, 4), (2, 5), (2, 6))	212	8
((2, 1), (2, 4), (2, 5), (2, 6), (2, 7))	45	2
((2, 1), (2, 4), (2, 6))	22	1
((2, 1), (2, 5))	75	6
((2, 1), (2, 5), (2, 6))	31	2
((2, 1), (2, 6))	54	3
((2, 1), (2, 6), (2, 7))	32	1
((2, 1), (2, 7))	43	2
((2, 1), (2, 8))	18	1
((2, 1), (3, 1))	11459	743
((2, 1), (3, 1), (4, 1))	11588	647
((2, 1), (3, 1), (4, 1), (5, 1))	7603	416
((2, 1), (3, 1), (4, 1), (5, 1), (6, 1))	11269	451
((2, 1), (3, 1), (4, 1), (5, 1), (7, 1))	3269	129
((2, 1), (3, 1), (4, 1), (5, 1), (8, 1))	451	19
((2, 1), (3, 1), (4, 1), (6, 1))	152	6
((2, 1), (3, 1), (4, 1), (6, 1), (7, 1))	1345	52
((2, 1), (3, 1), (4, 1), (7, 1))	72	3
((2, 1), (3, 1), (4, 1), (7, 1), (8, 1))	65	3
((2, 1), (3, 1), (4, 1), (8, 1))	31	1
((2, 1), (3, 1), (5, 1))	2468	126
((2, 1), (3, 1), (5, 1), (6, 1))	322	12
((2, 1), (3, 1), (5, 1), (6, 1), (7, 1))	5465	196
((2, 1), (3, 1), (5, 1), (6, 1), (8, 1))	42	1
((2, 1), (3, 1), (5, 1), (7, 1))	17	1
((2, 1), (3, 1), (6, 1))	25	1
((2, 1), (3, 1), (6, 1), (7, 1))	231	10
((2, 1), (3, 1), (6, 1), (7, 1), (8, 1))	129	4
((2, 1), (3, 1), (7, 1))	102	6
((2, 1), (3, 1), (8, 1))	17	1
((2, 1), (4, 1))	1450	103
((2, 1), (4, 1), (5, 1))	318	19
((2, 1), (4, 1), (5, 1), (6, 1))	107	4
((2, 1), (4, 1), (5, 1), (6, 1), (7, 1))	593	23
((2, 1), (4, 1), (5, 1), (7, 1))	25	1
((2, 1), (5, 1))	310	18
((2, 1), (5, 1), (6, 1))	77	3
((2, 1), (5, 1), (6, 1), (7, 1))	133	6
((2, 1), (5, 1), (6, 1), (7, 1), (8, 1))	27	2
((2, 1), (6, 1), (7, 1))	48	2
((2, 1), (6, 1), (7, 1), (8, 1))	28	1
((2, 2),)	40146	3055
((2, 2), (2, 3))	40459	2247
((2, 2), (2, 3), (2, 4))	50334	2498
((2, 2), (2, 3), (2, 4), (2, 5))	17611	828
((2, 2), (2, 3), (2, 4), (2, 5), (2, 6))	9231	397
((2, 2), (2, 3), (2, 4), (2, 5), (2, 7))	2786	113
((2, 2), (2, 3), (2, 4), (2, 5), (2, 8))	396	19
((2, 2), (2, 3), (2, 4), (2, 6))	9094	387
((2, 2), (2, 3), (2, 4), (2, 6), (2, 7))	6937	258
((2, 2), (2, 3), (2, 4), (2, 6), (2, 8))	31	1
((2, 2), (2, 3), (2, 4), (2, 7))	415	20
((2, 2), (2, 3), (2, 4), (2, 7), (2, 8))	168	8
((2, 2), (2, 3), (2, 4), (2, 8))	155	8
((2, 2), (2, 3), (2, 5))	1278	71
((2, 2), (2, 3), (2, 5), (2, 6))	709	30
((2, 2), (2, 3), (2, 5), (2, 6), (2, 7))	678	26
((2, 2), (2, 3), (2, 6))	415	18
((2, 2), (2, 3), (2, 6), (2, 7))	100	3
((2, 2), (2, 3), (2, 6), (2, 7), (2, 8))	24	1
((2, 2), (2, 3), (2, 7))	70	4
((2, 2), (2, 3), (2, 7), (2, 8))	10	1
((2, 2), (2, 4))	18580	891
((2, 2), (2, 4), (2, 5))	7205	307
((2, 2), (2, 4), (2, 5), (2, 6))	3679	163
((2, 2), (2, 4), (2, 5), (2, 6), (2, 7))	2951	110
((2, 2), (2, 4), (2, 6))	219	12
((2, 2), (2, 4), (2, 6), (2, 7))	78	4
((2, 2), (2, 4), (2, 6), (2, 7), (2, 8))	28	1
((2, 2), (2, 4), (2, 7))	28	1
((2, 2), (2, 5))	455	30
((2, 2), (2, 5), (2, 6))	387	17
((2, 2), (2, 5), (2, 6), (2, 7))	50	2
((2, 2), (2, 5), (2, 6), (2, 7), (2, 8))	23	1
((2, 2), (2, 6))	62	3
((2, 2), (2, 6), (2, 7))	26	2
((2, 2), (2, 7))	52	3
((2, 2), (2, 8))	29	1
((2, 2), (3, 2))	117062	5847
((2, 2), (3, 2), (4, 2))	105444	4998
((2, 2), (3, 2), (4, 2), (5, 2))	24552	1134
((2, 2), (3, 2), (4, 2), (5, 2), (6, 2))	12148	508
((2, 2), (3, 2), (4, 2), (5, 2), (7, 2))	3122	122
((2, 2), (3, 2), (4, 2), (5, 2), (8, 2))	141	6
((2, 2), (3, 2), (4, 2), (6, 2))	4967	227
((2, 2), (3, 2), (4, 2), (6, 2), (7, 2))	2798	105
((2, 2), (3, 2), (4, 2), (7, 2))	147	8
((2, 2), (3, 2), (4, 2), (7, 2), (8, 2))	172	6
((2, 2), (3, 2), (4, 2), (8, 2))	131	7
((2, 2), (3, 2), (5, 2))	14894	677
((2, 2), (3, 2), (5, 2), (6, 2))	7178	298
((2, 2), (3, 2), (5, 2), (6, 2), (7, 2))	4273	156
((2, 2), (3, 2), (5, 2), (7, 2))	16	1
((2, 2), (3, 2), (5, 2), (7, 2), (8, 2))	23	1
((2, 2), (3, 2), (6, 2))	734	33
((2, 2), (3, 2), (6, 2), (7, 2))	141	6
((2, 2), (3, 2), (6, 2), (7, 2), (8, 2))	106	4
((2, 2), (3, 2), (7, 2))	172	8
((2, 2), (3, 2), (7, 2), (8, 2))	40	2
((2, 2), (4, 2))	7509	425
((2, 2), (4, 2), (5, 2))	1483	66
((2, 2), (4, 2), (5, 2), (6, 2))	252	11
((2, 2), (4, 2), (5, 2), (6, 2), (7, 2))	325	12
((2, 2), (4, 2), (6, 2))	76	3
((2, 2), (5, 2))	1711	82
((2, 2), (5, 2), (6, 2))	945	44
((2, 2), (5, 2), (6, 2), (7, 2))	213	8
((2, 2), (5, 2), (6, 2), (7, 2), (8, 2))	36	1
((2, 2), (6, 2))	198	12
((2, 2), (6, 2), (7, 2))	73	4
((2, 2), (6, 2), (7, 2), (8, 2))	18	1
((2, 2), (7, 2))	50	3
((2, 2), (7, 2), (8, 2))	12	1
((2, 2), (8, 2))	27	1
((2, 3),)	12608	1480
((2, 3), (2, 4))	17998	1247
((2, 3), (2, 4), (2, 5))	13368	736
((2, 3), (2, 4), (2, 5), (2, 6))	11725	574
((2, 3), (2, 4), (2, 5), (2, 6), (2, 7))	8117	331
((2, 3), (2, 4), (2, 5), (2, 6), (2, 8))	2136	92
((2, 3), (2, 4), (2, 5), (2, 7))	778	38
((2, 3), (2, 4), (2, 5), (2, 7), (2, 8))	2523	100
((2, 3), (2, 4), (2, 5), (2, 8))	281	16
((2, 3), (2, 4), (2, 6))	8849	417
((2, 3), (2, 4), (2, 6), (2, 7))	2790	119
((2, 3), (2, 4), (2, 6), (2, 7), (2, 8))	5023	180
((2, 3), (2, 4), (2, 7))	496	25
((2, 3), (2, 4), (2, 7), (2, 8))	107	4
((2, 3), (2, 4), (2, 8))	150	9
((2, 3), (2, 5))	781	44
((2, 3), (2, 5), (2, 6))	1041	59
((2, 3), (2, 5), (2, 6), (2, 7))	487	22
((2, 3), (2, 5), (2, 6), (2, 7), (2, 8))	421	15
((2, 3), (2, 6))	361	22
((2, 3), (2, 6), (2, 7))	70	4
((2, 3), (2, 6), (2, 7), (2, 8))	20	1
((2, 3), (2, 7))	71	7
((2, 3), (2, 7), (2, 8))	52	3
((2, 3), (2, 8))	64	3
((2, 3), (3, 3))	28768	1793
((2, 3), (3, 3), (4, 3))	44301	2016
((2, 3), (3, 3), (4, 3), (5, 3))	31543	1227
((2, 3), (3, 3), (4, 3), (5, 3), (6, 3))	9263	331
((2, 3), (3, 3), (4, 3), (5, 3), (7, 3))	351	13
((2, 3), (3, 3), (4, 3), (5, 3), (8, 3))	10	1
((2, 3), (3, 3), (4, 3), (6, 3))	1012	45
((2, 3), (3, 3), (4, 3), (6, 3), (7, 3))	256	9
((2, 3), (3, 3), (4, 3), (7, 3))	145	5
((2, 3), (3, 3), (5, 3))	8180	360
((2, 3), (3, 3), (5, 3), (6, 3))	1125	46
((2, 3), (3, 3), (5, 3), (6, 3), (7, 3))	2587	95
((2, 3), (3, 3), (5, 3), (7, 3))	78	4
((2, 3), (3, 3), (5, 3), (7, 3), (8, 3))	33	1
((2, 3), (3, 3), (5, 3), (8, 3))	7	1
((2, 3), (3, 3), (6, 3))	286	13
((2, 3), (3, 3), (6, 3), (7, 3))	67	3
((2, 3), (3, 3), (6, 3), (7, 3), (8, 3))	51	2
((2, 3), (3, 3), (7, 3))	97	4
((2, 3), (3, 3), (8, 3))	64	2
((2, 3), (4, 3))	1318	70
((2, 3), (4, 3), (5, 3))	666	29
((2, 3), (4, 3), (5, 3), (6, 3))	67	4
((2, 3), (4, 3), (5, 3), (6, 3), (7, 3))	31	1
((2, 3), (4, 3), (5, 3), (7, 3))	9	1
((2, 3), (4, 3), (6, 3))	56	2
((2, 3), (5, 3))	1816	85
((2, 3), (5, 3), (6, 3))	345	14
((2, 3), (5, 3), (6, 3), (7, 3))	13	1
((2, 3), (5, 3), (6, 3), (7, 3), (8, 3))	112	5
((2, 3), (5, 3), (6, 3), (8, 3))	32	1
((2, 3), (5, 3), (7, 3))	14	1
((2, 3), (6, 3))	377	16
((2, 3), (6, 3), (7, 3))	44	3
((2, 3), (7, 3))	81	3
((2, 4),)	26894	3054
((2, 4), (2, 5))	16300	1140
((2, 4), (2, 5), (2, 6))	36234	1800
((2, 4), (2, 5), (2, 6), (2, 7))	11288	491
((2, 4), (2, 5), (2, 6), (2, 7), (2, 8))	8850	358
((2, 4), (2, 5), (2, 6), (2, 8))	1485	81
((2, 4), (2, 5), (2, 7))	3889	192
((2, 4), (2, 5), (2, 7), (2, 8))	1269	62
((2, 4), (2, 5), (2, 8))	764	51
((2, 4), (2, 6))	30774	1444
((2, 4), (2, 6), (2, 7))	15210	614
((2, 4), (2, 6), (2, 7), (2, 8))	4282	175
((2, 4), (2, 6), (2, 8))	152	9
((2, 4), (2, 7))	2325	133
((2, 4), (2, 7), (2, 8))	621	35
((2, 4), (2, 8))	1298	98
((2, 4), (3, 4))	22235	1098
((2, 4), (3, 4), (5, 4))	1491	67
((2, 4), (3, 4), (5, 4), (6, 4))	330	14
((2, 4), (3, 4), (5, 4), (6, 4), (7, 4))	2837	105
((2, 4), (3, 4), (5, 4), (7, 4))	24	1
((2, 4), (3, 4), (5, 4), (7, 4), (8, 4))	8	1
((2, 4), (3, 4), (6, 4))	796	37
((2, 4), (3, 4), (6, 4), (7, 4))	127	5
((2, 4), (3, 4), (6, 4), (7, 4), (8, 4))	232	10
((2, 4), (3, 4), (7, 4))	812	36
((2, 4), (3, 4), (7, 4), (8, 4))	179	7
((2, 4), (3, 4), (8, 4))	411	20
((2, 4), (5, 4))	777	43
((2, 4), (5, 4), (6, 4))	117	6
((2, 4), (5, 4), (6, 4), (7, 4))	64	3
((2, 4), (5, 4), (6, 4), (7, 4), (8, 4))	292	10
((2, 4), (5, 4), (7, 4))	5	1
((2, 4), (6, 4))	403	18
((2, 4), (6, 4), (7, 4))	34	2
((2, 4), (7, 4))	57	3
((2, 4), (7, 4), (8, 4))	16	1
((2, 4), (8, 4))	40	2
((2, 5),)	15400	1573
((2, 5), (2, 6))	33906	1791
((2, 5), (2, 6), (2, 7))	30599	1337
((2, 5), (2, 6), (2, 7), (2, 8))	13837	611
((2, 5), (2, 6), (2, 8))	4866	260
((2, 5), (2, 7))	4948	275
((2, 5), (2, 7), (2, 8))	2826	130
((2, 5), (2, 8))	2939	202
((2, 5), (3, 5))	30114	1793
((2, 5), (3, 5), (4, 5))	77492	3289
((2, 5), (3, 5), (4, 5), (5, 5))	54553	2071
((2, 5), (3, 5), (4, 5), (5, 5), (6, 5))	18219	684
((2, 5), (3, 5), (4, 5), (5, 5), (7, 5))	570	22
((2, 5), (3, 5), (4, 5), (6, 5))	1359	54
((2, 5), (3, 5), (4, 5), (6, 5), (7, 5))	394	17
((2, 5), (3, 5), (4, 5), (6, 5), (8, 5))	30	2
((2, 5), (3, 5), (4, 5), (7, 5))	224	8
((2, 5), (3, 5), (4, 5), (7, 5), (8, 5))	137	4
((2, 5), (3, 5), (4, 5), (8, 5))	13	1
((2, 5), (3, 5), (5, 5))	3672	169
((2, 5), (3, 5), (5, 5), (6, 5))	492	18
((2, 5), (3, 5), (5, 5), (6, 5), (7, 5))	88	3
((2, 5), (3, 5), (5, 5), (7, 5))	19	1
((2, 5), (3, 5), (5, 5), (7, 5), (8, 5))	38	1
((2, 5), (3, 5), (5, 5), (8, 5))	32	1
((2, 5), (3, 5), (6, 5))	169	10
((2, 5), (3, 5), (6, 5), (7, 5))	48	2
((2, 5), (3, 5), (6, 5), (7, 5), (8, 5))	57	2
((2, 5), (3, 5), (7, 5))	65	5
((2, 5), (3, 5), (7, 5), (8, 5))	19	1
((2, 5), (3, 5), (8, 5))	54	2
((2, 5), (4, 5))	2739	132
((2, 5), (4, 5), (5, 5))	1210	54
((2, 5), (4, 5), (5, 5), (6, 5))	148	6
((2, 5), (4, 5), (5, 5), (6, 5), (7, 5))	27	1
((2, 5), (4, 5), (6, 5))	35	2
((2, 5), (4, 5), (6, 5), (7, 5))	54	2
((2, 5), (4, 5), (7, 5), (8, 5))	14	1
((2, 5), (5, 5))	1501	62
((2, 5), (5, 5), (6, 5))	121	6
((2, 5), (5, 5), (6, 5), (7, 5))	34	1
((2, 5), (6, 5))	777	30
((2, 5), (6, 5), (7, 5), (8, 5))	15	1
((2, 5), (6, 5), (8, 5))	50	1
((2, 5), (7, 5))	148	8
((2, 5), (8, 5))	4	1
((2, 6),)	63594	4296
((2, 6), (2, 7))	47916	2351
((2, 6), (2, 7), (2, 8))	54950	2436
((2, 6), (2, 8))	33936	1930
((2, 6), (3, 6))	176038	8430
((2, 6), (3, 6), (4, 6))	226003	10073
((2, 6), (3, 6), (4, 6), (5, 6))	73171	3201
((2, 6), (3, 6), (4, 6), (5, 6), (6, 6))	25433	1083
((2, 6), (3, 6), (4, 6), (5, 6), (7, 6))	3557	138
((2, 6), (3, 6), (4, 6), (5, 6), (8, 6))	276	11
((2, 6), (3, 6), (4, 6), (6, 6))	11984	481
((2, 6), (3, 6), (4, 6), (6, 6), (7, 6))	5702	229
((2, 6), (3, 6), (4, 6), (6, 6), (8, 6))	170	6
((2, 6), (3, 6), (4, 6), (7, 6))	192	8
((2, 6), (3, 6), (4, 6), (7, 6), (8, 6))	173	8
((2, 6), (3, 6), (4, 6), (8, 6))	101	4
((2, 6), (3, 6), (5, 6))	8598	394
((2, 6), (3, 6), (5, 6), (6, 6))	1974	84
((2, 6), (3, 6), (5, 6), (6, 6), (7, 6))	1307	50
((2, 6), (3, 6), (5, 6), (7, 6), (8, 6))	23	1
((2, 6), (3, 6), (6, 6))	660	30
((2, 6), (3, 6), (6, 6), (7, 6))	70	2
((2, 6), (3, 6), (6, 6), (7, 6), (8, 6))	10	1
((2, 6), (3, 6), (7, 6))	132	6
((2, 6), (3, 6), (7, 6), (8, 6))	19	1
((2, 6), (4, 6))	17711	872
((2, 6), (4, 6), (5, 6))	4207	182
((2, 6), (4, 6), (5, 6), (6, 6))	2136	87
((2, 6), (4, 6), (5, 6), (6, 6), (7, 6))	1229	45
((2, 6), (4, 6), (6, 6))	36	4
((2, 6), (4, 6), (6, 6), (7, 6))	23	1
((2, 6), (4, 6), (6, 6), (7, 6), (8, 6))	12	1
((2, 6), (4, 6), (7, 6))	30	2
((2, 6), (5, 6))	1093	71
((2, 6), (5, 6), (6, 6))	325	16
((2, 6), (5, 6), (6, 6), (7, 6))	42	2
((2, 6), (5, 6), (6, 6), (7, 6), (8, 6))	15	1
((2, 6), (5, 6), (7, 6))	23	1
((2, 6), (6, 6))	507	23
((2, 6), (6, 6), (7, 6))	106	6
((2, 6), (6, 6), (7, 6), (8, 6))	12	1
((2, 6), (7, 6))	86	4
((2, 7),)	18861	1841
((2, 7), (2, 8))	40254	2235
((2, 7), (3, 7))	27533	1569
((2, 7), (3, 7), (4, 7))	25173	1288
((2, 7), (3, 7), (4, 7), (5, 7))	11774	559
((2, 7), (3, 7), (4, 7), (5, 7), (6, 7))	22011	936
((2, 7), (3, 7), (4, 7), (5, 7), (7, 7))	5803	229
((2, 7), (3, 7), (4, 7), (5, 7), (8, 7))	296	12
((2, 7), (3, 7), (4, 7), (6, 7))	336	16
((2, 7), (3, 7), (4, 7), (6, 7), (7, 7))	2720	95
((2, 7), (3, 7), (4, 7), (6, 7), (8, 7))	45	2
((2, 7), (3, 7), (4, 7), (7, 7))	175	6
((2, 7), (3, 7), (4, 7), (7, 7), (8, 7))	122	6
((2, 7), (3, 7), (4, 7), (8, 7))	12	1
((2, 7), (3, 7), (5, 7))	1532	80
((2, 7), (3, 7), (5, 7), (6, 7))	147	9
((2, 7), (3, 7), (5, 7), (6, 7), (7, 7))	2073	79
((2, 7), (3, 7), (5, 7), (6, 7), (8, 7))	13	1
((2, 7), (3, 7), (5, 7), (7, 7))	55	2
((2, 7), (3, 7), (5, 7), (7, 7), (8, 7))	42	1
((2, 7), (3, 7), (6, 7))	108	5
((2, 7), (3, 7), (6, 7), (7, 7))	66	3
((2, 7), (3, 7), (6, 7), (7, 7), (8, 7))	33	2
((2, 7), (3, 7), (7, 7))	109	5
((2, 7), (3, 7), (8, 7))	47	2
((2, 7), (4, 7))	2460	154
((2, 7), (4, 7), (5, 7))	820	45
((2, 7), (4, 7), (5, 7), (6, 7))	51	2
((2, 7), (4, 7), (5, 7), (6, 7), (7, 7))	982	35
((2, 7), (4, 7), (6, 7))	29	1
((2, 7), (4, 7), (6, 7), (7, 7))	7	1
((2, 7), (4, 7), (7, 7), (8, 7))	34	1
((2, 7), (5, 7))	267	20
((2, 7), (5, 7), (6, 7))	25	2
((2, 7), (5, 7), (6, 7), (7, 7))	100	4
((2, 7), (6, 7))	101	6
((2, 7), (6, 7), (7, 7))	82	3
((2, 7), (7, 7))	78	2
((2, 7), (8, 7))	109	3
((2, 8),)	40463	4309
((2, 8), (3, 8))	23662	1766
((2, 8), (3, 8), (4, 8))	44609	2620
((2, 8), (3, 8), (4, 8), (5, 8))	20950	1181
((2, 8), (3, 8), (4, 8), (5, 8), (6, 8))	28109	1309
((2, 8), (3, 8), (4, 8), (5, 8), (7, 8))	1835	78
((2, 8), (3, 8), (4, 8), (5, 8), (8, 8))	83	4
((2, 8), (3, 8), (4, 8), (6, 8))	832	37
((2, 8), (3, 8), (4, 8), (6, 8), (7, 8))	730	32
((2, 8), (3, 8), (4, 8), (6, 8), (8, 8))	67	2
((2, 8), (3, 8), (5, 8))	1705	106
((2, 8), (3, 8), (5, 8), (6, 8))	314	17
((2, 8), (3, 8), (5, 8), (6, 8), (7, 8))	1247	51
((2, 8), (3, 8), (6, 8))	174	11
((2, 8), (3, 8), (6, 8), (7, 8), (8, 8))	25	1
((2, 8), (3, 8), (7, 8))	27	3
((2, 8), (3, 8), (7, 8), (8, 8))	15	1
((2, 8), (3, 8), (8, 8))	77	5
((2, 8), (4, 8))	4997	344
((2, 8), (4, 8), (5, 8))	1691	106
((2, 8), (4, 8), (5, 8), (6, 8))	469	32
((2, 8), (4, 8), (5, 8), (6, 8), (7, 8))	1024	45
((2, 8), (4, 8), (5, 8), (6, 8), (8, 8))	25	2
((2, 8), (4, 8), (6, 8))	27	2
((2, 8), (4, 8), (6, 8), (7, 8), (8, 8))	26	1
((2, 8), (5, 8))	697	52
((2, 8), (5, 8), (6, 8))	251	17
((2, 8), (5, 8), (6, 8), (7, 8))	65	3
((2, 8), (5, 8), (6, 8), (7, 8), (8, 8))	19	1
((2, 8), (5, 8), (6, 8), (8, 8))	25	1
((2, 8), (6, 8))	204	15
((2, 8), (6, 8), (7, 8))	39	2
((2, 8), (7, 8))	14	1
((2, 8), (8, 8))	81	3
((3, 0),)	10201	1330
((3, 0), (3, 1))	17135	1133
((3, 0), (3, 1), (3, 2))	22022	1129
((3, 0), (3, 1), (3, 2), (3, 3))	17032	770
((3, 0), (3, 1), (3, 2), (3, 3), (3, 4))	9580	365
((3, 0), (3, 1), (3, 2), (3, 3), (3, 5))	372	18
((3, 0), (3, 1), (3, 2), (3, 4))	195	9
((3, 0), (3, 1), (3, 2), (3, 4), (3, 5))	115	5
((3, 0), (3, 1), (3, 3))	6776	362
((3, 0), (3, 1), (3, 3), (3, 4))	106	4
((3, 0), (3, 1), (3, 3), (3, 4), (3, 5))	47	1
((3, 0), (3, 1), (3, 4))	188	10
((3, 0), (3, 1), (3, 4), (3, 5), (3, 6))	39	1
((3, 0), (3, 1), (3, 5))	22	2
((3, 0), (3, 2))	3224	219
((3, 0), (3, 2), (3, 3))	2752	158
((3, 0), (3, 2), (3, 3), (3, 4))	51	4
((3, 0), (3, 2), (3, 4))	6	1
((3, 0), (3, 2), (3, 4), (3, 5))	17	1
((3, 0), (3, 3))	1433	104
((3, 0), (3, 3), (3, 4))	19	1
((3, 0), (3, 4))	100	6
((3, 0), (3, 4), (3, 5))	20	1
((3, 0), (3, 5))	11	1
((3, 0), (4, 0))	14303	1038
((3, 0), (4, 0), (5, 0))	16271	1002
((3, 0), (4, 0), (5, 0), (6, 0))	6212	360
((3, 0), (4, 0), (5, 0), (6, 0), (7, 0))	11500	524
((3, 0), (4, 0), (5, 0), (6, 0), (8, 0))	5982	269
((3, 0), (4, 0), (5, 0), (7, 0))	107	7
((3, 0), (4, 0), (5, 0), (7, 0), (8, 0))	1805	79
((3, 0), (4, 0), (5, 0), (8, 0))	277	12
((3, 0), (4, 0), (6, 0))	813	51
((3, 0), (4, 0), (6, 0), (7, 0))	48	2
((3, 0), (4, 0), (6, 0), (7, 0), (8, 0))	1255	48
((3, 0), (4, 0), (6, 0), (8, 0))	22	1
((3, 0), (4, 0), (7, 0), (8, 0))	29	2
((3, 0), (4, 0), (8, 0))	81	3
((3, 0), (5, 0))	1771	140
((3, 0), (5, 0), (6, 0))	1281	71
((3, 0), (5, 0), (6, 0), (7, 0))	58	3
((3, 0), (5, 0), (6, 0), (7, 0), (8, 0))	2984	125
((3, 0), (5, 0), (6, 0), (8, 0))	50	3
((3, 0), (5, 0), (7, 0), (8, 0))	77	5
((3, 0), (6, 0))	237	23
((3, 0), (6, 0), (7, 0), (8, 0))	64	4
((3, 0), (7, 0))	141	6
((3, 0), (7, 0), (8, 0))	47	3
((3, 0), (8, 0))	47	3
((3, 1),)	36548	3825
((3, 1), (3, 2))	35247	1893
((3, 1), (3, 2), (3, 3))	51867	2330
((3, 1), (3, 2), (3, 3), (3, 4))	10771	398
((3, 1), (3, 2), (3, 3), (3, 4), (3, 5))	6913	255
((3, 1), (3, 2), (3, 3), (3, 4), (3, 6))	110	4
((3, 1), (3, 2), (3, 3), (3, 4), (3, 7))	53	2
((3, 1), (3, 2), (3, 3), (3, 5))	259	10
((3, 1), (3, 2), (3, 3), (3, 5), (3, 6))	266	11
((3, 1), (3, 2), (3, 4))	1101	46
((3, 1), (3, 2), (3, 4), (3, 5))	344	15
((3, 1), (3, 2), (3, 4), (3, 5), (3, 6))	205	7
((3, 1), (3, 2), (3, 4), (3, 6))	10	1
((3, 1), (3, 2), (3, 5))	62	2
((3, 1), (3, 2), (3, 5), (3, 6), (3, 7))	62	2
((3, 1), (3, 2), (3, 7))	21	1
((3, 1), (3, 3))	19729	1149
((3, 1), (3, 3), (3, 4))	873	43
((3, 1), (3, 3), (3, 4), (3, 5))	169	8
((3, 1), (3, 3), (3, 4), (3, 5), (3, 6))	74	3
((3, 1), (3, 3), (3, 5))	65	3
((3, 1), (3, 3), (3, 6))	9	1
((3, 1), (3, 4))	927	49
((3, 1), (3, 4), (3, 5))	237	13
((3, 1), (3, 4), (3, 6))	20	1
((3, 1), (3, 5))	99	6
((3, 1), (3, 5), (3, 6))	52	2
((3, 1), (3, 5), (3, 6), (3, 7))	18	1
((3, 1), (3, 6))	24	2
((3, 1), (3, 7))	40	2
((3, 1), (4, 1))	17591	1177
((3, 1), (4, 1), (5, 1))	27384	1437
((3, 1), (4, 1), (5, 1), (6, 1))	5832	277
((3, 1), (4, 1), (5, 1), (6, 1), (7, 1))	11984	507
((3, 1), (4, 1), (5, 1), (6, 1), (8, 1))	7174	277
((3, 1), (4, 1), (5, 1), (7, 1))	5135	213
((3, 1), (4, 1), (5, 1), (7, 1), (8, 1))	3661	143
((3, 1), (4, 1), (5, 1), (8, 1))	109	6
((3, 1), (4, 1), (6, 1))	656	33
((3, 1), (4, 1), (6, 1), (7, 1))	2609	105
((3, 1), (4, 1), (6, 1), (7, 1), (8, 1))	1952	71
((3, 1), (4, 1), (7, 1))	433	18
((3, 1), (4, 1), (7, 1), (8, 1))	18	1
((3, 1), (4, 1), (8, 1))	66	4
((3, 1), (5, 1))	11827	668
((3, 1), (5, 1), (6, 1))	5051	224
((3, 1), (5, 1), (6, 1), (7, 1))	18439	747
((3, 1), (5, 1), (6, 1), (7, 1), (8, 1))	11538	430
((3, 1), (5, 1), (6, 1), (8, 1))	49	2
((3, 1), (5, 1), (7, 1))	666	29
((3, 1), (5, 1), (7, 1), (8, 1))	142	7
((3, 1), (5, 1), (8, 1))	17	1
((3, 1), (6, 1))	682	38
((3, 1), (6, 1), (7, 1))	1729	75
((3, 1), (6, 1), (7, 1), (8, 1))	286	13
((3, 1), (6, 1), (8, 1))	16	1
((3, 1), (7, 1))	388	21
((3, 1), (7, 1), (8, 1))	64	3
((3, 1), (8, 1))	41	2
((3, 2),)	16830	1830
((3, 2), (3, 3))	34864	1981
((3, 2), (3, 3), (3, 4))	16668	740
((3, 2), (3, 3), (3, 4), (3, 5))	12233	490
((3, 2), (3, 3), (3, 4), (3, 5), (3, 6))	7631	284
((3, 2), (3, 3), (3, 4), (3, 5), (3, 7))	58	2
((3, 2), (3, 3), (3, 4), (3, 6))	264	11
((3, 2), (3, 3), (3, 4), (3, 6), (3, 7))	288	12
((3, 2), (3, 3), (3, 5))	537	27
((3, 2), (3, 3), (3, 5), (3, 6))	152	8
((3, 2), (3, 3), (3, 5), (3, 6), (3, 7))	287	13
((3, 2), (3, 3), (3, 6))	69	3
((3, 2), (3, 3), (3, 6), (3, 7))	12	1
((3, 2), (3, 3), (3, 6), (3, 7), (3, 8))	14	1
((3, 2), (3, 3), (3, 7))	4	1
((3, 2), (3, 3), (3, 8))	31	2
((3, 2), (3, 4))	1777	88
((3, 2), (3, 4), (3, 5))	1363	64
((3, 2), (3, 4), (3, 5), (3, 6))	295	12
((3, 2), (3, 4), (3, 5), (3, 6), (3, 7))	21	1
((3, 2), (3, 4), (3, 6))	128	4
((3, 2), (3, 5))	359	17
((3, 2), (3, 5), (3, 6))	84	5
((3, 2), (3, 6))	36	3
((3, 2), (3, 6), (3, 7))	46	2
((3, 2), (3, 7))	27	1
((3, 2), (3, 8))	2	1
((3, 2), (4, 2))	19135	1291
((3, 2), (4, 2), (5, 2))	14470	751
((3, 2), (4, 2), (5, 2), (6, 2))	8587	406
((3, 2), (4, 2), (5, 2), (6, 2), (7, 2))	3940	166
((3, 2), (4, 2), (5, 2), (6, 2), (8, 2))	5065	207
((3, 2), (4, 2), (5, 2), (7, 2))	806	40
((3, 2), (4, 2), (5, 2), (7, 2), (8, 2))	2962	120
((3, 2), (4, 2), (5, 2), (8, 2))	268	12
((3, 2), (4, 2), (6, 2))	5459	249
((3, 2), (4, 2), (6, 2), (7, 2))	1089	41
((3, 2), (4, 2), (6, 2), (7, 2), (8, 2))	2111	84
((3, 2), (4, 2), (6, 2), (8, 2))	165	6
((3, 2), (4, 2), (7, 2))	273	15
((3, 2), (4, 2), (7, 2), (8, 2))	60	2
((3, 2), (4, 2), (8, 2))	248	14
((3, 2), (5, 2))	3137	150
((3, 2), (5, 2), (6, 2))	7657	333
((3, 2), (5, 2), (6, 2), (7, 2))	2067	80
((3, 2), (5, 2), (6, 2), (7, 2), (8, 2))	2516	100
((3, 2), (5, 2), (7, 2))	45	2
((3, 2), (5, 2), (7, 2), (8, 2))	38	1
((3, 2), (6, 2))	1004	56
((3, 2), (6, 2), (7, 2))	223	11
((3, 2), (6, 2), (7, 2), (8, 2))	153	6
((3, 2), (6, 2), (8, 2))	16	1
((3, 2), (7, 2))	78	4
((3, 2), (7, 2), (8, 2))	37	1
((3, 2), (8, 2))	131	7
((3, 3),)	44854	3745
((3, 3), (3, 4))	12718	572
((3, 3), (3, 4), (3, 5))	41130	1688
((3, 3), (3, 4), (3, 5), (3, 6))	23948	891
((3, 3), (3, 4), (3, 5), (3, 6), (3, 7))	14728	521
((3, 3), (3, 4), (3, 5), (3, 7))	165	8
((3, 3), (3, 4), (3, 6))	1331	52
((3, 3), (3, 4), (3, 6), (3, 7))	662	24
((3, 3), (3, 4), (3, 6), (3, 7), (3, 8))	151	6
((3, 3), (3, 4), (3, 6), (3, 8))	42	2
((3, 3), (3, 4), (3, 7))	305	15
((3, 3), (3, 4), (3, 7), (3, 8))	73	4
((3, 3), (3, 4), (3, 8))	50	2
((3, 3), (3, 5))	2823	145
((3, 3), (3, 5), (3, 6))	1427	70
((3, 3), (3, 5), (3, 6), (3, 7))	532	19
((3, 3), (3, 5), (3, 6), (3, 7), (3, 8))	478	19
((3, 3), (3, 5), (3, 8))	6	1
((3, 3), (3, 6))	295	14
((3, 3), (3, 6), (3, 7))	110	4
((3, 3), (3, 6), (3, 7), (3, 8))	34	1
((3, 3), (3, 7))	396	20
((3, 3), (3, 7), (3, 8))	26	2
((3, 3), (4, 3))	94531	4668
((3, 3), (4, 3), (5, 3))	202084	8157
((3, 3), (4, 3), (5, 3), (6, 3))	39281	1454
((3, 3), (4, 3), (5, 3), (6, 3), (7, 3))	10345	386
((3, 3), (4, 3), (5, 3), (6, 3), (8, 3))	247	9
((3, 3), (4, 3), (5, 3), (7, 3))	1476	67
((3, 3), (4, 3), (5, 3), (7, 3), (8, 3))	435	19
((3, 3), (4, 3), (5, 3), (8, 3))	112	5
((3, 3), (4, 3), (6, 3))	7401	310
((3, 3), (4, 3), (6, 3), (7, 3))	1512	62
((3, 3), (4, 3), (6, 3), (7, 3), (8, 3))	458	20
((3, 3), (4, 3), (6, 3), (8, 3))	85	5
((3, 3), (4, 3), (7, 3))	831	38
((3, 3), (4, 3), (7, 3), (8, 3))	176	6
((3, 3), (4, 3), (8, 3))	190	11
((3, 3), (5, 3))	26873	1175
((3, 3), (5, 3), (6, 3))	9210	362
((3, 3), (5, 3), (6, 3), (7, 3))	2022	68
((3, 3), (5, 3), (6, 3), (7, 3), (8, 3))	3422	122
((3, 3), (5, 3), (7, 3))	362	18
((3, 3), (5, 3), (7, 3), (8, 3))	35	1
((3, 3), (5, 3), (8, 3))	53	4
((3, 3), (6, 3))	1983	92
((3, 3), (6, 3), (7, 3))	469	20
((3, 3), (6, 3), (7, 3), (8, 3))	89	4
((3, 3), (6, 3), (8, 3))	13	1
((3, 3), (7, 3))	1185	65
((3, 3), (7, 3), (8, 3))	133	7
((3, 3), (8, 3))	141	8
((3, 4),)	14338	872
((3, 4), (3, 5))	16004	736
((3, 4), (3, 5), (3, 6))	23929	1011
((3, 4), (3, 5), (3, 6), (3, 7))	15511	586
((3, 4), (3, 5), (3, 6), (3, 7), (3, 8))	16335	584
((3, 4), (3, 5), (3, 6), (3, 8))	96	4
((3, 4), (3, 5), (3, 7))	538	30
((3, 4), (3, 5), (3, 7), (3, 8))	195	8
((3, 4), (3, 5), (3, 8))	168	8
((3, 4), (3, 6))	2640	121
((3, 4), (3, 6), (3, 7))	1882	80
((3, 4), (3, 6), (3, 7), (3, 8))	661	27
((3, 4), (3, 6), (3, 8))	11	1
((3, 4), (3, 7))	868	42
((3, 4), (3, 7), (3, 8))	396	16
((3, 4), (3, 8))	123	7
((3, 4), (5, 4))	2851	124
((3, 4), (5, 4), (6, 4))	1855	83
((3, 4), (5, 4), (6, 4), (7, 4))	314	14
((3, 4), (5, 4), (6, 4), (7, 4), (8, 4))	2275	84
((3, 4), (5, 4), (7, 4))	51	2
((3, 4), (6, 4))	1992	99
((3, 4), (6, 4), (7, 4))	745	35
((3, 4), (6, 4), (7, 4), (8, 4))	35	2
((3, 4), (7, 4))	2107	96
((3, 4), (7, 4), (8, 4))	598	24
((3, 4), (8, 4))	2105	99
((3, 5),)	70884	5188
((3, 5), (3, 6))	34764	1809
((3, 5), (3, 6), (3, 7))	47806	1993
((3, 5), (3, 6), (3, 7), (3, 8))	27842	1090
((3, 5), (3, 6), (3, 8))	5287	266
((3, 5), (3, 7))	31596	1627
((3, 5), (3, 7), (3, 8))	23750	1119
((3, 5), (3, 8))	6433	399
((3, 5), (4, 5))	200204	9091
((3, 5), (4, 5), (5, 5))	326519	12793
((3, 5), (4, 5), (5, 5), (6, 5))	61956	2399
((3, 5), (4, 5), (5, 5), (6, 5), (7, 5))	16202	613
((3, 5), (4, 5), (5, 5), (6, 5), (8, 5))	277	12
((3, 5), (4, 5), (5, 5), (7, 5))	2370	105
((3, 5), (4, 5), (5, 5), (7, 5), (8, 5))	517	22
((3, 5), (4, 5), (5, 5), (8, 5))	26	1
((3, 5), (4, 5), (6, 5))	13366	583
((3, 5), (4, 5), (6, 5), (7, 5))	2100	93
((3, 5), (4, 5), (6, 5), (7, 5), (8, 5))	906	33
((3, 5), (4, 5), (7, 5))	1515	75
((3, 5), (4, 5), (7, 5), (8, 5))	306	13
((3, 5), (4, 5), (8, 5))	93	7
((3, 5), (5, 5))	14251	632
((3, 5), (5, 5), (6, 5))	2851	118
((3, 5), (5, 5), (6, 5), (7, 5))	468	18
((3, 5), (5, 5), (6, 5), (7, 5), (8, 5))	160	7
((3, 5), (5, 5), (7, 5))	346	19
((3, 5), (5, 5), (7, 5), (8, 5))	47	2
((3, 5), (5, 5), (8, 5))	89	4
((3, 5), (6, 5))	2209	112
((3, 5), (6, 5), (7, 5))	623	27
((3, 5), (6, 5), (7, 5), (8, 5))	42	2
((3, 5), (7, 5))	1758	88
((3, 5), (7, 5), (8, 5))	117	7
((3, 5), (8, 5))	388	19
((3, 6),)	20032	1924
((3, 6), (3, 7))	42502	2067
((3, 6), (3, 7), (3, 8))	32368	1475
((3, 6), (3, 8))	5388	358
((3, 6), (4, 6))	35093	1818
((3, 6), (4, 6), (5, 6))	27320	1338
((3, 6), (4, 6), (5, 6), (6, 6))	18463	869
((3, 6), (4, 6), (5, 6), (6, 6), (7, 6))	9153	387
((3, 6), (4, 6), (5, 6), (6, 6), (8, 6))	4221	169
((3, 6), (4, 6), (5, 6), (7, 6))	534	27
((3, 6), (4, 6), (5, 6), (7, 6), (8, 6))	2827	119
((3, 6), (4, 6), (5, 6), (8, 6))	253	11
((3, 6), (4, 6), (6, 6))	10053	481
((3, 6), (4, 6), (6, 6), (7, 6))	1753	78
((3, 6), (4, 6), (6, 6), (7, 6), (8, 6))	4273	176
((3, 6), (4, 6), (6, 6), (8, 6))	184	9
((3, 6), (4, 6), (7, 6))	400	18
((3, 6), (4, 6), (8, 6))	293	17
((3, 6), (5, 6))	1546	91
((3, 6), (5, 6), (6, 6))	2023	91
((3, 6), (5, 6), (6, 6), (7, 6))	198	11
((3, 6), (5, 6), (6, 6), (7, 6), (8, 6))	1037	41
((3, 6), (5, 6), (7, 6))	22	2
((3, 6), (5, 6), (7, 6), (8, 6))	36	1
((3, 6), (6, 6))	654	37
((3, 6), (6, 6), (7, 6))	225	8
((3, 6), (6, 6), (7, 6), (8, 6))	12	1
((3, 6), (6, 6), (8, 6))	9	1
((3, 6), (7, 6))	159	9
((3, 6), (7, 6), (8, 6))	90	4
((3, 6), (8, 6))	55	4
((3, 7),)	49140	4472
((3, 7), (3, 8))	33914	2076
((3, 7), (4, 7))	30268	1864
((3, 7), (4, 7), (5, 7))	33272	1714
((3, 7), (4, 7), (5, 7), (6, 7))	14528	659
((3, 7), (4, 7), (5, 7), (6, 7), (7, 7))	23876	964
((3, 7), (4, 7), (5, 7), (6, 7), (8, 7))	6712	275
((3, 7), (4, 7), (5, 7), (7, 7))	6635	292
((3, 7), (4, 7), (5, 7), (7, 7), (8, 7))	4817	197
((3, 7), (4, 7), (5, 7), (8, 7))	236	12
((3, 7), (4, 7), (6, 7))	1174	59
((3, 7), (4, 7), (6, 7), (7, 7))	3649	154
((3, 7), (4, 7), (6, 7), (7, 7), (8, 7))	4284	158
((3, 7), (4, 7), (6, 7), (8, 7))	34	2
((3, 7), (4, 7), (7, 7))	619	29
((3, 7), (4, 7), (7, 7), (8, 7))	185	8
((3, 7), (4, 7), (8, 7))	104	5
((3, 7), (5, 7))	4179	268
((3, 7), (5, 7), (6, 7))	1447	73
((3, 7), (5, 7), (6, 7), (7, 7))	3657	150
((3, 7), (5, 7), (6, 7), (7, 7), (8, 7))	1621	64
((3, 7), (5, 7), (7, 7))	210	12
((3, 7), (5, 7), (7, 7), (8, 7))	20	1
((3, 7), (5, 7), (8, 7))	8	1
((3, 7), (6, 7))	423	22
((3, 7), (6, 7), (7, 7))	369	19
((3, 7), (6, 7), (7, 7), (8, 7))	234	12
((3, 7), (7, 7))	240	14
((3, 7), (7, 7), (8, 7))	62	3
((3, 7), (8, 7))	155	8
((3, 8),)	25393	3045
((3, 8), (4, 8))	34860	2496
((3, 8), (4, 8), (5, 8))	37438	2241
((3, 8), (4, 8), (5, 8), (6, 8))	16381	926
((3, 8), (4, 8), (5, 8), (6, 8), (7, 8))	26777	1234
((3, 8), (4, 8), (5, 8), (6, 8), (8, 8))	8776	391
((3, 8), (4, 8), (5, 8), (7, 8))	483	25
((3, 8), (4, 8), (5, 8), (7, 8), (8, 8))	2680	116
((3, 8), (4, 8), (5, 8), (8, 8))	368	18
((3, 8), (4, 8), (6, 8))	1601	95
((3, 8), (4, 8), (6, 8), (7, 8))	335	18
((3, 8), (4, 8), (6, 8), (7, 8), (8, 8))	2801	116
((3, 8), (4, 8), (6, 8), (8, 8))	25	2
((3, 8), (4, 8), (7, 8))	93	7
((3, 8), (4, 8), (7, 8), (8, 8))	66	3
((3, 8), (4, 8), (8, 8))	188	10
((3, 8), (5, 8))	2645	210
((3, 8), (5, 8), (6, 8))	1421	94
((3, 8), (5, 8), (6, 8), (7, 8))	385	21
((3, 8), (5, 8), (6, 8), (7, 8), (8, 8))	1832	79
((3, 8), (5, 8), (6, 8), (8, 8))	10	2
((3, 8), (5, 8), (7, 8))	40	3
((3, 8), (6, 8))	530	43
((3, 8), (6, 8), (7, 8))	88	6
((3, 8), (6, 8), (7, 8), (8, 8))	85	5
((3, 8), (6, 8), (8, 8))	24	2
((3, 8), (7, 8))	220	16
((3, 8), (7, 8), (8, 8))	24	1
((3, 8), (8, 8))	178	12
((4, 0),)	19199	2013
((4, 0), (4, 1))	39403	2513
((4, 0), (4, 1), (4, 2))	40218	2103
((4, 0), (4, 1), (4, 2), (4, 3))	17213	751
((4, 0), (4, 1), (4, 2), (4, 3), (4, 4))	215554	7933
((4, 0), (4, 1), (4, 2), (4, 3), (4, 5))	22827	811
((4, 0), (4, 1), (4, 2), (4, 3), (4, 6))	1855	63
((4, 0), (4, 1), (4, 2), (4, 3), (4, 7))	94	4
((4, 0), (4, 1), (4, 2), (4, 5))	902	40
((4, 0), (4, 1), (4, 2), (4, 5), (4, 6))	835	35
((4, 0), (4, 1), (4, 2), (4, 5), (4, 7))	19	1
((4, 0), (4, 1), (4, 2), (4, 6))	269	12
((4, 0), (4, 1), (4, 2), (4, 6), (4, 7))	81	4
((4, 0), (4, 1), (4, 2), (4, 8))	20	1
((4, 0), (4, 1), (4, 3))	581	29
((4, 0), (4, 1), (4, 3), (4, 5))	24	1
((4, 0), (4, 1), (4, 3), (4, 5), (4, 6))	54	2
((4, 0), (4, 1), (4, 5))	258	14
((4, 0), (4, 1), (4, 5), (4, 6))	69	3
((4, 0), (4, 1), (4, 6))	59	2
((4, 0), (4, 1), (4, 7), (4, 8))	22	1
((4, 0), (4, 2))	7016	447
((4, 0), (4, 2), (4, 3))	125	8
((4, 0), (4, 2), (4, 3), (4, 5), (4, 6))	21	1
((4, 0), (4, 3))	38	2
((4, 0), (4, 3), (4, 7))	7	1
((4, 0), (4, 5))	52	2
((4, 0), (4, 5), (4, 6))	14	1
((4, 0), (4, 7))	13	1
((4, 0), (5, 0))	31475	2292
((4, 0), (5, 0), (6, 0))	35890	2140
((4, 0), (5, 0), (6, 0), (7, 0))	11239	635
((4, 0), (5, 0), (6, 0), (7, 0), (8, 0))	6826	320
((4, 0), (5, 0), (6, 0), (8, 0))	26520	1292
((4, 0), (5, 0), (7, 0))	2072	104
((4, 0), (5, 0), (7, 0), (8, 0))	5774	264
((4, 0), (5, 0), (8, 0))	1585	82
((4, 0), (6, 0))	2285	137
((4, 0), (6, 0), (7, 0))	430	19
((4, 0), (6, 0), (7, 0), (8, 0))	2159	96
((4, 0), (6, 0), (8, 0))	167	8
((4, 0), (7, 0))	100	6
((4, 0), (7, 0), (8, 0))	95	7
((4, 0), (8, 0))	96	8
((4, 1),)	15523	1778
((4, 1), (4, 2))	22400	1468
((4, 1), (4, 2), (4, 3))	16142	799
((4, 1), (4, 2), (4, 3), (4, 5))	2537	113
((4, 1), (4, 2), (4, 3), (4, 5), (4, 6))	17423	619
((4, 1), (4, 2), (4, 3), (4, 5), (4, 7))	16	1
((4, 1), (4, 2), (4, 3), (4, 6))	776	34
((4, 1), (4, 2), (4, 3), (4, 6), (4, 7))	2038	74
((4, 1), (4, 2), (4, 3), (4, 7))	113	5
((4, 1), (4, 2), (4, 3), (4, 7), (4, 8))	70	3
((4, 1), (4, 2), (4, 5))	1553	72
((4, 1), (4, 2), (4, 5), (4, 6))	198	10
((4, 1), (4, 2), (4, 5), (4, 6), (4, 7))	618	23
((4, 1), (4, 2), (4, 6))	715	38
((4, 1), (4, 2), (4, 6), (4, 7))	64	3
((4, 1), (4, 2), (4, 6), (4, 7), (4, 8))	43	2
((4, 1), (4, 2), (4, 7))	21	1
((4, 1), (4, 3))	811	48
((4, 1), (4, 3), (4, 5))	63	3
((4, 1), (4, 3), (4, 5), (4, 6), (4, 7))	65	2
((4, 1), (4, 3), (4, 6))	84	3
((4, 1), (4, 3), (4, 7))	18	1
((4, 1), (4, 5))	277	21
((4, 1), (4, 5), (4, 6))	63	2
((4, 1), (4, 5), (4, 6), (4, 7))	5	1
((4, 1), (4, 5), (4, 6), (4, 7), (4, 8))	59	2
((4, 1), (4, 6))	65	5
((4, 1), (4, 6), (4, 7))	30	2
((4, 1), (5, 1))	18555	1333
((4, 1), (5, 1), (6, 1))	11381	619
((4, 1), (5, 1), (6, 1), (7, 1))	18394	861
((4, 1), (5, 1), (6, 1), (7, 1), (8, 1))	4141	182
((4, 1), (5, 1), (6, 1), (8, 1))	1497	77
((4, 1), (5, 1), (7, 1))	8132	381
((4, 1), (5, 1), (7, 1), (8, 1))	5317	230
((4, 1), (5, 1), (8, 1))	782	41
((4, 1), (6, 1))	1797	103
((4, 1), (6, 1), (7, 1))	7193	326
((4, 1), (6, 1), (7, 1), (8, 1))	3487	142
((4, 1), (6, 1), (8, 1))	83	5
((4, 1), (7, 1))	924	53
((4, 1), (7, 1), (8, 1))	356	19
((4, 1), (8, 1))	229	17
((4, 2),)	46074	4116
((4, 2), (4, 3))	38623	2105
((4, 2), (4, 3), (4, 5))	10822	466
((4, 2), (4, 3), (4, 5), (4, 6))	3727	149
((4, 2), (4, 3), (4, 5), (4, 6), (4, 7))	21931	765
((4, 2), (4, 3), (4, 5), (4, 7))	154	6
((4, 2), (4, 3), (4, 5), (4, 7), (4, 8))	46	2
((4, 2), (4, 3), (4, 6))	2921	139
((4, 2), (4, 3), (4, 6), (4, 7))	796	31
((4, 2), (4, 3), (4, 6), (4, 7), (4, 8))	1162	42
((4, 2), (4, 3), (4, 7))	380	19
((4, 2), (4, 3), (4, 7), (4, 8))	35	2
((4, 2), (4, 3), (4, 8))	41	2
((4, 2), (4, 5))	8520	433
((4, 2), (4, 5), (4, 6))	2163	102
((4, 2), (4, 5), (4, 6), (4, 7))	737	29
((4, 2), (4, 5), (4, 6), (4, 7), (4, 8))	1535	55
((4, 2), (4, 5), (4, 7))	47	2
((4, 2), (4, 5), (4, 7), (4, 8))	42	2
((4, 2), (4, 6))	4130	227
((4, 2), (4, 6), (4, 7))	600	32
((4, 2), (4, 6), (4, 7), (4, 8))	33	1
((4, 2), (4, 6), (4, 8))	20	1
((4, 2), (4, 7))	124	7
((4, 2), (4, 7), (4, 8))	19	1
((4, 2), (4, 8))	37	1
((4, 2), (5, 2))	18312	1128
((4, 2), (5, 2), (6, 2))	44578	2088
((4, 2), (5, 2), (6, 2), (7, 2))	13556	576
((4, 2), (5, 2), (6, 2), (7, 2), (8, 2))	6557	275
((4, 2), (5, 2), (6, 2), (8, 2))	2976	131
((4, 2), (5, 2), (7, 2))	4140	199
((4, 2), (5, 2), (7, 2), (8, 2))	1036	46
((4, 2), (5, 2), (8, 2))	1122	61
((4, 2), (6, 2))	11047	542
((4, 2), (6, 2), (7, 2))	4510	208
((4, 2), (6, 2), (7, 2), (8, 2))	1562	64
((4, 2), (6, 2), (8, 2))	303	16
((4, 2), (7, 2))	825	47
((4, 2), (7, 2), (8, 2))	453	22
((4, 2), (8, 2))	1198	73
((4, 3),)	14111	1055
((4, 3), (4, 5))	15097	715
((4, 3), (4, 5), (4, 6))	9446	416
((4, 3), (4, 5), (4, 6), (4, 7))	3063	124
((4, 3), (4, 5), (4, 6), (4, 7), (4, 8))	17252	646
((4, 3), (4, 5), (4, 7))	226	10
((4, 3), (4, 5), (4, 7), (4, 8))	61	3
((4, 3), (4, 5), (4, 8))	23	1
((4, 3), (4, 6))	7343	364
((4, 3), (4, 6), (4, 7))	2274	96
((4, 3), (4, 6), (4, 7), (4, 8))	472	20
((4, 3), (4, 6), (4, 8))	63	4
((4, 3), (4, 7))	708	40
((4, 3), (4, 7), (4, 8))	315	13
((4, 3), (4, 8))	106	7
((4, 3), (5, 3))	42505	1790
((4, 3), (5, 3), (6, 3))	43652	1666
((4, 3), (5, 3), (6, 3), (7, 3))	12430	481
((4, 3), (5, 3), (6, 3), (7, 3), (8, 3))	4123	158
((4, 3), (5, 3), (6, 3), (8, 3))	367	15
((4, 3), (5, 3), (7, 3))	3589	160
((4, 3), (5, 3), (7, 3), (8, 3))	811	36
((4, 3), (5, 3), (8, 3))	135	8
((4, 3), (6, 3))	2981	132
((4, 3), (6, 3), (7, 3))	1510	61
((4, 3), (6, 3), (7, 3), (8, 3))	389	14
((4, 3), (6, 3), (8, 3))	126	4
((4, 3), (7, 3))	1040	46
((4, 3), (7, 3), (8, 3))	409	17
((4, 3), (8, 3))	352	22
((4, 4), (5, 4))	206938	7764
((4, 4), (5, 4), (6, 4))	976610	34645
((4, 4), (5, 4), (6, 4), (7, 4))	1160299	40541
((4, 4), (5, 4), (6, 4), (7, 4), (8, 4))	250488	9111
((4, 5),)	20011	1457
((4, 5), (4, 6))	44528	2105
((4, 5), (4, 6), (4, 7))	31219	1355
((4, 5), (4, 6), (4, 7), (4, 8))	19698	826
((4, 5), (4, 6), (4, 8))	308	18
((4, 5), (4, 7))	2563	143
((4, 5), (4, 7), (4, 8))	1473	72
((4, 5), (4, 8))	288	16
((4, 5), (5, 5))	83290	3314
((4, 5), (5, 5), (6, 5))	46933	1840
((4, 5), (5, 5), (6, 5), (7, 5))	17847	712
((4, 5), (5, 5), (6, 5), (7, 5), (8, 5))	6692	255
((4, 5), (5, 5), (6, 5), (8, 5))	145	9
((4, 5), (5, 5), (7, 5))	3124	143
((4, 5), (5, 5), (7, 5), (8, 5))	820	37
((4, 5), (5, 5), (8, 5))	193	11
((4, 5), (6, 5))	4307	207
((4, 5), (6, 5), (7, 5))	1771	81
((4, 5), (6, 5), (7, 5), (8, 5))	483	20
((4, 5), (6, 5), (8, 5))	85	5
((4, 5), (7, 5))	1514	76
((4, 5), (7, 5), (8, 5))	406	20
((4, 5), (8, 5))	370	23
((4, 6),)	67079	4934
((4, 6), (4, 7))	37065	1991
((4, 6), (4, 7), (4, 8))	42386	2174
((4, 6), (4, 8))	10677	635
((4, 6), (5, 6))	29831	1614
((4, 6), (5, 6), (6, 6))	77526	3524
((4, 6), (5, 6), (6, 6), (7, 6))	26672	1155
((4, 6), (5, 6), (6, 6), (7, 6), (8, 6))	16212	665
((4, 6), (5, 6), (6, 6), (8, 6))	2734	124
((4, 6), (5, 6), (7, 6))	3571	173
((4, 6), (5, 6), (7, 6), (8, 6))	1045	52
((4, 6), (5, 6), (8, 6))	726	44
((4, 6), (6, 6))	20553	981
((4, 6), (6, 6), (7, 6))	7868	342
((4, 6), (6, 6), (7, 6), (8, 6))	2928	122
((4, 6), (6, 6), (8, 6))	640	29
((4, 6), (7, 6))	2055	105
((4, 6), (7, 6), (8, 6))	651	36
((4, 6), (8, 6))	1382	73
((4, 7),)	34093	3302
((4, 7), (4, 8))	50671	3171
((4, 7), (5, 7))	23056	1510
((4, 7), (5, 7), (6, 7))	21893	1114
((4, 7), (5, 7), (6, 7), (7, 7))	41463	1883
((4, 7), (5, 7), (6, 7), (7, 7), (8, 7))	18804	771
((4, 7), (5, 7), (6, 7), (8, 7))	1563	83
((4, 7), (5, 7), (7, 7))	10495	504
((4, 7), (5, 7), (7, 7), (8, 7))	5411	249
((4, 7), (5, 7), (8, 7))	668	38
((4, 7), (6, 7))	2374	128
((4, 7), (6, 7), (7, 7))	10553	480
((4, 7), (6, 7), (7, 7), (8, 7))	4969	205
((4, 7), (6, 7), (8, 7))	127	8
((4, 7), (7, 7))	1213	61
((4, 7), (7, 7), (8, 7))	777	34
((4, 7), (8, 7))	457	28
((4, 8),)	35243	3731
((4, 8), (5, 8))	49558	3526
((4, 8), (5, 8), (6, 8))	57749	3430
((4, 8), (5, 8), (6, 8), (7, 8))	28360	1498
((4, 8), (5, 8), (6, 8), (7, 8), (8, 8))	21622	1010
((4, 8), (5, 8), (6, 8), (8, 8))	28927	1420
((4, 8), (5, 8), (7, 8))	4337	234
((4, 8), (5, 8), (7, 8), (8, 8))	8287	388
((4, 8), (5, 8), (8, 8))	2332	128
((4, 8), (6, 8))	4308	276
((4, 8), (6, 8), (7, 8))	1903	93
((4, 8), (6, 8), (7, 8), (8, 8))	4954	224
((4, 8), (6, 8), (8, 8))	380	21
((4, 8), (7, 8))	402	29
((4, 8), (7, 8), (8, 8))	442	28
((4, 8), (8, 8))	608	34
((5, 0),)	16755	2208
((5, 0), (5, 1))	29795	1939
((5, 0), (5, 1), (5, 2))	17282	875
((5, 0), (5, 1), (5, 2), (5, 3))	7788	320
((5, 0), (5, 1), (5, 2), (5, 3), (5, 4))	175	6
((5, 0), (5, 1), (5, 2), (5, 3), (5, 5))	30513	1143
((5, 0), (5, 1), (5, 2), (5, 3), (5, 6))	1588	56
((5, 0), (5, 1), (5, 2), (5, 3), (5, 7))	41	2
((5, 0), (5, 1), (5, 2), (5, 5))	778	33
((5, 0), (5, 1), (5, 2), (5, 5), (5, 6))	1036	36
((5, 0), (5, 1), (5, 2), (5, 6))	97	3
((5, 0), (5, 1), (5, 2), (5, 6), (5, 7))	129	5
((5, 0), (5, 1), (5, 3))	932	49
((5, 0), (5, 1), (5, 3), (5, 4))	56	2
((5, 0), (5, 1), (5, 3), (5, 5))	79	4
((5, 0), (5, 1), (5, 4), (5, 5))	49	2
((5, 0), (5, 1), (5, 5))	601	26
((5, 0), (5, 1), (5, 5), (5, 6))	50	1
((5, 0), (5, 1), (5, 5), (5, 6), (5, 7))	31	1
((5, 0), (5, 2))	2746	171
((5, 0), (5, 2), (5, 3))	374	20
((5, 0), (5, 2), (5, 3), (5, 5))	48	1
((5, 0), (5, 2), (5, 3), (5, 5), (5, 6))	18	1
((5, 0), (5, 2), (5, 5))	53	4
((5, 0), (5, 2), (5, 5), (5, 6), (5, 7))	24	1
((5, 0), (5, 2), (5, 6), (5, 7))	10	1
((5, 0), (5, 3))	46	6
((5, 0), (5, 3), (5, 5))	13	1
((5, 0), (5, 3), (5, 5), (5, 6))	40	1
((5, 0), (5, 5))	102	8
((5, 0), (6, 0))	23680	1920
((5, 0), (6, 0), (7, 0))	17084	1077
((5, 0), (6, 0), (7, 0), (8, 0))	45689	2145
((5, 0), (6, 0), (8, 0))	39373	2176
((5, 0), (7, 0))	1278	89
((5, 0), (7, 0), (8, 0))	6300	307
((5, 0), (8, 0))	1972	124
((5, 1),)	31413	3457
((5, 1), (5, 2))	24629	1362
((5, 1), (5, 2), (5, 3))	33291	1351
((5, 1), (5, 2), (5, 3), (5, 4))	1137	44
((5, 1), (5, 2), (5, 3), (5, 4), (5, 5))	893	35
((5, 1), (5, 2), (5, 3), (5, 5))	11948	450
((5, 1), (5, 2), (5, 3), (5, 5), (5, 6))	25435	909
((5, 1), (5, 2), (5, 3), (5, 5), (5, 7))	97	3
((5, 1), (5, 2), (5, 3), (5, 6))	478	19
((5, 1), (5, 2), (5, 3), (5, 6), (5, 7))	900	34
((5, 1), (5, 2), (5, 3), (5, 7))	111	4
((5, 1), (5, 2), (5, 4))	122	7
((5, 1), (5, 2), (5, 4), (5, 5), (5, 6))	22	1
((5, 1), (5, 2), (5, 5))	3710	156
((5, 1), (5, 2), (5, 5), (5, 6))	914	32
((5, 1), (5, 2), (5, 5), (5, 6), (5, 7))	631	22
((5, 1), (5, 2), (5, 6))	322	15
((5, 1), (5, 2), (5, 6), (5, 7))	35	2
((5, 1), (5, 2), (5, 6), (5, 7), (5, 8))	42	2
((5, 1), (5, 2), (5, 7))	41	2
((5, 1), (5, 2), (5, 7), (5, 8))	52	1
((5, 1), (5, 3))	3546	201
((5, 1), (5, 3), (5, 4))	485	21
((5, 1), (5, 3), (5, 4), (5, 5))	160	8
((5, 1), (5, 3), (5, 4), (5, 5), (5, 6))	33	1
((5, 1), (5, 3), (5, 5))	460	25
((5, 1), (5, 3), (5, 5), (5, 6))	101	5
((5, 1), (5, 3), (5, 6))	58	3
((5, 1), (5, 3), (5, 7))	36	1
((5, 1), (5, 4))	169	10
((5, 1), (5, 4), (5, 5))	153	6
((5, 1), (5, 4), (5, 5), (5, 6))	20	1
((5, 1), (5, 5))	1973	113
((5, 1), (5, 5), (5, 6))	242	13
((5, 1), (5, 5), (5, 6), (5, 7))	108	4
((5, 1), (5, 5), (5, 6), (5, 7), (5, 8))	25	1
((5, 1), (5, 6))	183	11
((5, 1), (5, 6), (5, 7))	15	1
((5, 1), (5, 7))	30	1
((5, 1), (5, 8))	9	1
((5, 1), (6, 1))	18908	1261
((5, 1), (6, 1), (7, 1))	53610	2591
((5, 1), (6, 1), (7, 1), (8, 1))	20833	951
((5, 1), (6, 1), (8, 1))	7056	372
((5, 1), (7, 1))	17170	855
((5, 1), (7, 1), (8, 1))	14870	668
((5, 1), (8, 1))	2553	190
((5, 2),)	22872	1815
((5, 2), (5, 3))	40058	1932
((5, 2), (5, 3), (5, 4))	3614	138
((5, 2), (5, 3), (5, 4), (5, 5))	1999	84
((5, 2), (5, 3), (5, 4), (5, 5), (5, 6))	1262	45
((5, 2), (5, 3), (5, 5))	30105	1305
((5, 2), (5, 3), (5, 5), (5, 6))	11545	445
((5, 2), (5, 3), (5, 5), (5, 6), (5, 7))	25763	938
((5, 2), (5, 3), (5, 5), (5, 6), (5, 8))	26	1
((5, 2), (5, 3), (5, 5), (5, 7))	116	5
((5, 2), (5, 3), (5, 5), (5, 7), (5, 8))	23	1
((5, 2), (5, 3), (5, 6))	2137	86
((5, 2), (5, 3), (5, 6), (5, 7))	429	20
((5, 2), (5, 3), (5, 6), (5, 7), (5, 8))	1137	42
((5, 2), (5, 3), (5, 6), (5, 8))	37	1
((5, 2), (5, 3), (5, 7))	466	23
((5, 2), (5, 3), (5, 7), (5, 8))	117	4
((5, 2), (5, 4))	194	10
((5, 2), (5, 4), (5, 5))	207	10
((5, 2), (5, 4), (5, 5), (5, 6))	66	3
((5, 2), (5, 4), (5, 5), (5, 6), (5, 7))	47	2
((5, 2), (5, 5))	10196	473
((5, 2), (5, 5), (5, 6))	3006	126
((5, 2), (5, 5), (5, 6), (5, 7))	491	18
((5, 2), (5, 5), (5, 6), (5, 7), (5, 8))	909	34
((5, 2), (5, 5), (5, 7))	27	1
((5, 2), (5, 6))	1381	80
((5, 2), (5, 6), (5, 7))	232	13
((5, 2), (5, 6), (5, 7), (5, 8))	54	2
((5, 2), (5, 7))	111	8
((5, 2), (5, 7), (5, 8))	74	3
((5, 2), (5, 8))	24	2
((5, 2), (6, 2))	44893	2174
((5, 2), (6, 2), (7, 2))	30535	1346
((5, 2), (6, 2), (7, 2), (8, 2))	14593	625
((5, 2), (6, 2), (8, 2))	7974	384
((5, 2), (7, 2))	4122	217
((5, 2), (7, 2), (8, 2))	2899	139
((5, 2), (8, 2))	4009	253
((5, 3),)	155826	8450
((5, 3), (5, 4))	6643	292
((5, 3), (5, 4), (5, 5))	10620	455
((5, 3), (5, 4), (5, 5), (5, 6))	6751	239
((5, 3), (5, 4), (5, 5), (5, 6), (5, 7))	4602	160
((5, 3), (5, 4), (5, 5), (5, 7), (5, 8))	34	1
((5, 3), (5, 4), (5, 6))	202	8
((5, 3), (5, 4), (5, 6), (5, 7))	90	4
((5, 3), (5, 5))	218330	9494
((5, 3), (5, 5), (5, 6))	121470	4888
((5, 3), (5, 5), (5, 6), (5, 7))	35332	1352
((5, 3), (5, 5), (5, 6), (5, 7), (5, 8))	50644	1916
((5, 3), (5, 5), (5, 6), (5, 8))	86	3
((5, 3), (5, 5), (5, 7))	1150	52
((5, 3), (5, 5), (5, 7), (5, 8))	134	4
((5, 3), (5, 5), (5, 8))	64	3
((5, 3), (5, 6))	23994	1135
((5, 3), (5, 6), (5, 7))	7109	311
((5, 3), (5, 6), (5, 7), (5, 8))	1624	69
((5, 3), (5, 6), (5, 8))	62	3
((5, 3), (5, 7))	5699	281
((5, 3), (5, 7), (5, 8))	740	41
((5, 3), (5, 8))	149	9
((5, 3), (6, 3))	110443	4269
((5, 3), (6, 3), (7, 3))	142105	5195
((5, 3), (6, 3), (7, 3), (8, 3))	88975	3247
((5, 3), (6, 3), (8, 3))	10812	446
((5, 3), (7, 3))	27196	1264
((5, 3), (7, 3), (8, 3))	20922	935
((5, 3), (8, 3))	7304	366
((5, 4),)	1841	168
((5, 4), (5, 5))	7187	352
((5, 4), (5, 5), (5, 6))	5823	255
((5, 4), (5, 5), (5, 6), (5, 7))	3598	144
((5, 4), (5, 5), (5, 6), (5, 7), (5, 8))	8173	292
((5, 4), (5, 5), (5, 7))	19	1
((5, 4), (5, 6))	211	13
((5, 4), (5, 6), (5, 7))	127	9
((5, 4), (5, 6), (5, 8))	7	1
((5, 4), (5, 7))	56	2
((5, 4), (6, 4))	2483	147
((5, 4), (6, 4), (7, 4))	1508	79
((5, 4), (6, 4), (7, 4), (8, 4))	1510	74
((5, 4), (6, 4), (8, 4))	34	2
((5, 4), (7, 4))	118	7
((5, 4), (7, 4), (8, 4))	95	8
((5, 4), (8, 4))	17	2
((5, 5),)	75507	4271
((5, 5), (5, 6))	41284	1903
((5, 5), (5, 6), (5, 7))	22569	932
((5, 5), (5, 6), (5, 7), (5, 8))	6971	294
((5, 5), (5, 6), (5, 8))	323	18
((5, 5), (5, 7))	2593	148
((5, 5), (5, 7), (5, 8))	1229	65
((5, 5), (5, 8))	173	9
((5, 5), (6, 5))	77019	3217
((5, 5), (6, 5), (7, 5))	90393	3684
((5, 5), (6, 5), (7, 5), (8, 5))	53079	2104
((5, 5), (6, 5), (8, 5))	5008	228
((5, 5), (7, 5))	16518	827
((5, 5), (7, 5), (8, 5))	11103	518
((5, 5), (8, 5))	2848	169
((5, 6),)	36415	2777
((5, 6), (5, 7))	24215	1285
((5, 6), (5, 7), (5, 8))	17629	879
((5, 6), (5, 8))	3522	233
((5, 6), (6, 6))	50328	2504
((5, 6), (6, 6), (7, 6))	42942	1970
((5, 6), (6, 6), (7, 6), (8, 6))	27824	1228
((5, 6), (6, 6), (8, 6))	7752	379
((5, 6), (7, 6))	5475	296
((5, 6), (7, 6), (8, 6))	3651	197
((5, 6), (8, 6))	3908	248
((5, 7),)	43421	4364
((5, 7), (5, 8))	27329	1753
((5, 7), (6, 7))	25114	1558
((5, 7), (6, 7), (7, 7))	75612	3636
((5, 7), (6, 7), (7, 7), (8, 7))	41361	1885
((5, 7), (6, 7), (8, 7))	7608	406
((5, 7), (7, 7))	23987	1150
((5, 7), (7, 7), (8, 7))	19156	869
((5, 7), (8, 7))	4123	280
((5, 8),)	24124	3162
((5, 8), (6, 8))	24101	1943
((5, 8), (6, 8), (7, 8))	23832	1471
((5, 8), (6, 8), (7, 8), (8, 8))	41113	2166
((5, 8), (6, 8), (8, 8))	34844	1981
((5, 8), (7, 8))	2324	161
((5, 8), (7, 8), (8, 8))	8882	477
((5, 8), (8, 8))	3171	205
((6, 0),)	30706	3502
((6, 0), (6, 1))	33430	2080
((6, 0), (6, 1), (6, 2))	93160	4194
((6, 0), (6, 1), (6, 2), (6, 3))	32195	1256
((6, 0), (6, 1), (6, 2), (6, 3), (6, 4))	7674	297
((6, 0), (6, 1), (6, 2), (6, 3), (6, 5))	20354	733
((6, 0), (6, 1), (6, 2), (6, 3), (6, 6))	486	19
((6, 0), (6, 1), (6, 2), (6, 4))	535	21
((6, 0), (6, 1), (6, 2), (6, 4), (6, 5))	278	9
((6, 0), (6, 1), (6, 2), (6, 5))	675	26
((6, 0), (6, 1), (6, 2), (6, 5), (6, 6))	553	20
((6, 0), (6, 1), (6, 2), (6, 6))	41	1
((6, 0), (6, 1), (6, 3))	861	47
((6, 0), (6, 1), (6, 3), (6, 4))	68	2
((6, 0), (6, 1), (6, 3), (6, 4), (6, 5))	513	21
((6, 0), (6, 1), (6, 4))	264	12
((6, 0), (6, 1), (6, 4), (6, 5))	18	1
((6, 0), (6, 1), (6, 5))	269	13
((6, 0), (6, 1), (6, 5), (6, 6))	80	4
((6, 0), (6, 1), (6, 6))	142	6
((6, 0), (6, 1), (6, 7))	24	2
((6, 0), (6, 2))	20397	1138
((6, 0), (6, 2), (6, 3))	1559	75
((6, 0), (6, 2), (6, 3), (6, 4))	445	20
((6, 0), (6, 2), (6, 3), (6, 4), (6, 5))	503	21
((6, 0), (6, 2), (6, 3), (6, 5))	13	1
((6, 0), (6, 2), (6, 4))	129	6
((6, 0), (6, 2), (6, 4), (6, 5))	16	1
((6, 0), (6, 2), (6, 4), (6, 5), (6, 6))	21	1
((6, 0), (6, 3))	563	38
((6, 0), (6, 3), (6, 4))	99	6
((6, 0), (6, 3), (6, 4), (6, 5))	61	3
((6, 0), (6, 3), (6, 4), (6, 5), (6, 6))	23	1
((6, 0), (6, 3), (6, 5), (6, 6))	38	1
((6, 0), (6, 4))	290	15
((6, 0), (6, 5))	160	8
((6, 0), (6, 6))	104	5
((6, 0), (7, 0))	19167	1554
((6, 0), (7, 0), (8, 0))	51046	2691
((6, 0), (8, 0))	29079	1677
((6, 1),)	28565	2599
((6, 1), (6, 2))	77353	3792
((6, 1), (6, 2), (6, 3))	59056	2410
((6, 1), (6, 2), (6, 3), (6, 4))	6673	258
((6, 1), (6, 2), (6, 3), (6, 4), (6, 5))	2473	102
((6, 1), (6, 2), (6, 3), (6, 4), (6, 6))	156	6
((6, 1), (6, 2), (6, 3), (6, 5))	9842	378
((6, 1), (6, 2), (6, 3), (6, 5), (6, 6))	25005	916
((6, 1), (6, 2), (6, 3), (6, 5), (6, 7))	24	1
((6, 1), (6, 2), (6, 3), (6, 6))	1096	46
((6, 1), (6, 2), (6, 3), (6, 6), (6, 7))	603	23
((6, 1), (6, 2), (6, 3), (6, 7))	84	5
((6, 1), (6, 2), (6, 4))	1365	59
((6, 1), (6, 2), (6, 4), (6, 5))	172	7
((6, 1), (6, 2), (6, 4), (6, 5), (6, 6))	239	11
((6, 1), (6, 2), (6, 4), (6, 6))	13	1
((6, 1), (6, 2), (6, 5))	2263	97
((6, 1), (6, 2), (6, 5), (6, 6))	769	33
((6, 1), (6, 2), (6, 5), (6, 6), (6, 7))	637	22
((6, 1), (6, 2), (6, 6))	423	17
((6, 1), (6, 2), (6, 6), (6, 7))	54	2
((6, 1), (6, 2), (6, 6), (6, 7), (6, 8))	22	1
((6, 1), (6, 2), (6, 7))	18	1
((6, 1), (6, 2), (6, 7), (6, 8))	26	1
((6, 1), (6, 3))	1400	75
((6, 1), (6, 3), (6, 4))	366	16
((6, 1), (6, 3), (6, 4), (6, 5))	59	2
((6, 1), (6, 3), (6, 4), (6, 5), (6, 6))	111	5
((6, 1), (6, 3), (6, 5))	134	7
((6, 1), (6, 4))	569	27
((6, 1), (6, 4), (6, 5))	153	6
((6, 1), (6, 4), (6, 5), (6, 6))	22	1
((6, 1), (6, 4), (6, 5), (6, 6), (6, 7))	37	1
((6, 1), (6, 5))	898	44
((6, 1), (6, 5), (6, 6))	391	17
((6, 1), (6, 5), (6, 6), (6, 7))	22	1
((6, 1), (6, 6))	145	7
((6, 1), (6, 6), (6, 7))	43	2
((6, 1), (6, 7))	0	1
((6, 1), (6, 8))	23	1
((6, 1), (7, 1))	49063	2599
((6, 1), (7, 1), (8, 1))	47496	2232
((6, 1), (8, 1))	19152	1097
((6, 2),)	134661	7550
((6, 2), (6, 3))	269267	11655
((6, 2), (6, 3), (6, 4))	21436	918
((6, 2), (6, 3), (6, 4), (6, 5))	6618	287
((6, 2), (6, 3), (6, 4), (6, 5), (6, 6))	6145	259
((6, 2), (6, 3), (6, 4), (6, 5), (6, 7))	60	2
((6, 2), (6, 3), (6, 4), (6, 6))	325	15
((6, 2), (6, 3), (6, 4), (6, 6), (6, 7))	206	7
((6, 2), (6, 3), (6, 5))	90696	3714
((6, 2), (6, 3), (6, 5), (6, 6))	49323	1948
((6, 2), (6, 3), (6, 5), (6, 6), (6, 7))	31500	1150
((6, 2), (6, 3), (6, 5), (6, 7))	97	5
((6, 2), (6, 3), (6, 5), (6, 7), (6, 8))	16	1
((6, 2), (6, 3), (6, 6))	6905	300
((6, 2), (6, 3), (6, 6), (6, 7))	1210	55
((6, 2), (6, 3), (6, 6), (6, 7), (6, 8))	497	17
((6, 2), (6, 3), (6, 7))	518	23
((6, 2), (6, 3), (6, 7), (6, 8))	74	2
((6, 2), (6, 3), (6, 8))	78	4
((6, 2), (6, 4))	3728	178
((6, 2), (6, 4), (6, 5))	1312	58
((6, 2), (6, 4), (6, 5), (6, 6))	490	21
((6, 2), (6, 4), (6, 5), (6, 6), (6, 7))	160	6
((6, 2), (6, 4), (6, 6))	18	1
((6, 2), (6, 4), (6, 6), (6, 7), (6, 8))	55	2
((6, 2), (6, 5))	14596	666
((6, 2), (6, 5), (6, 6))	7470	337
((6, 2), (6, 5), (6, 6), (6, 7))	1454	61
((6, 2), (6, 5), (6, 6), (6, 7), (6, 8))	672	28
((6, 2), (6, 5), (6, 7))	22	1
((6, 2), (6, 5), (6, 7), (6, 8))	22	1
((6, 2), (6, 6))	3381	177
((6, 2), (6, 6), (6, 7))	490	17
((6, 2), (6, 6), (6, 7), (6, 8))	16	1
((6, 2), (6, 7))	267	9
((6, 2), (6, 7), (6, 8))	87	3
((6, 2), (6, 8))	82	3
((6, 2), (7, 2))	72169	3364
((6, 2), (7, 2), (8, 2))	112511	4740
((6, 2), (8, 2))	90626	4291
((6, 3),)	26142	1803
((6, 3), (6, 4))	3699	194
((6, 3), (6, 4), (6, 5))	3091	142
((6, 3), (6, 4), (6, 5), (6, 6))	4422	203
((6, 3), (6, 4), (6, 5), (6, 6), (6, 7))	2471	95
((6, 3), (6, 4), (6, 5), (6, 6), (6, 8))	79	3
((6, 3), (6, 4), (6, 5), (6, 7), (6, 8))	119	4
((6, 3), (6, 4), (6, 6))	579	26
((6, 3), (6, 4), (6, 6), (6, 7))	64	4
((6, 3), (6, 4), (6, 6), (6, 7), (6, 8))	82	3
((6, 3), (6, 4), (6, 7))	31	1
((6, 3), (6, 5))	17485	812
((6, 3), (6, 5), (6, 6))	50317	2177
((6, 3), (6, 5), (6, 6), (6, 7))	14423	567
((6, 3), (6, 5), (6, 6), (6, 7), (6, 8))	19599	725
((6, 3), (6, 5), (6, 6), (6, 8))	22	1
((6, 3), (6, 5), (6, 7))	213	10
((6, 3), (6, 5), (6, 8))	105	5
((6, 3), (6, 6))	7981	374
((6, 3), (6, 6), (6, 7))	2486	109
((6, 3), (6, 6), (6, 7), (6, 8))	485	22
((6, 3), (6, 6), (6, 8))	57	4
((6, 3), (6, 7))	599	33
((6, 3), (6, 7), (6, 8))	206	10
((6, 3), (6, 8))	118	7
((6, 3), (7, 3))	27489	1237
((6, 3), (7, 3), (8, 3))	30007	1336
((6, 3), (8, 3))	9536	533
((6, 4),)	11588	761
((6, 4), (6, 5))	4272	214
((6, 4), (6, 5), (6, 6))	17985	822
((6, 4), (6, 5), (6, 6), (6, 7))	8827	350
((6, 4), (6, 5), (6, 6), (6, 7), (6, 8))	5351	214
((6, 4), (6, 5), (6, 6), (6, 8))	48	3
((6, 4), (6, 5), (6, 7))	217	10
((6, 4), (6, 5), (6, 7), (6, 8))	44	3
((6, 4), (6, 5), (6, 8))	14	1
((6, 4), (6, 6))	2729	123
((6, 4), (6, 6), (6, 7))	1041	43
((6, 4), (6, 6), (6, 7), (6, 8))	243	12
((6, 4), (6, 6), (6, 8))	20	1
((6, 4), (6, 7))	347	15
((6, 4), (6, 7), (6, 8))	60	2
((6, 4), (6, 8))	75	4
((6, 4), (7, 4))	4436	232
((6, 4), (7, 4), (8, 4))	4971	252
((6, 4), (8, 4))	952	54
((6, 5),)	34955	2387
((6, 5), (6, 6))	150316	6676
((6, 5), (6, 6), (6, 7))	80082	3209
((6, 5), (6, 6), (6, 7), (6, 8))	30089	1151
((6, 5), (6, 6), (6, 8))	739	35
((6, 5), (6, 7))	2130	122
((6, 5), (6, 7), (6, 8))	1170	66
((6, 5), (6, 8))	248	19
((6, 5), (7, 5))	25651	1216
((6, 5), (7, 5), (8, 5))	28570	1319
((6, 5), (8, 5))	7337	410
((6, 6),)	84252	5160
((6, 6), (6, 7))	77509	3682
((6, 6), (6, 7), (6, 8))	100348	4455
((6, 6), (6, 8))	19222	1102
((6, 6), (7, 6))	60158	2907
((6, 6), (7, 6), (8, 6))	89023	4084
((6, 6), (8, 6))	54323	2674
((6, 7),)	35978	3373
((6, 7), (6, 8))	39247	2410
((6, 7), (7, 7))	68745	3706
((6, 7), (7, 7), (8, 7))	86017	4268
((6, 7), (8, 7))	19398	1187
((6, 8),)	39613	4384
((6, 8), (7, 8))	23377	1814
((6, 8), (7, 8), (8, 8))	70576	3950
((6, 8), (8, 8))	39210	2302
((7, 0),)	23971	2440
((7, 0), (7, 1))	110671	5811
((7, 0), (7, 1), (7, 2))	145100	6668
((7, 0), (7, 1), (7, 2), (7, 3))	123899	5118
((7, 0), (7, 1), (7, 2), (7, 3), (7, 4))	46020	1760
((7, 0), (7, 1), (7, 2), (7, 3), (7, 5))	29692	1087
((7, 0), (7, 1), (7, 2), (7, 3), (7, 6))	263	10
((7, 0), (7, 1), (7, 2), (7, 4))	3404	136
((7, 0), (7, 1), (7, 2), (7, 4), (7, 5))	645	24
((7, 0), (7, 1), (7, 2), (7, 4), (7, 6))	50	2
((7, 0), (7, 1), (7, 2), (7, 5))	1465	61
((7, 0), (7, 1), (7, 2), (7, 5), (7, 6))	431	15
((7, 0), (7, 1), (7, 2), (7, 6))	108	4
((7, 0), (7, 1), (7, 2), (7, 6), (7, 7))	38	1
((7, 0), (7, 1), (7, 2), (7, 7))	23	1
((7, 0), (7, 1), (7, 2), (7, 7), (7, 8))	11	1
((7, 0), (7, 1), (7, 3))	8978	427
((7, 0), (7, 1), (7, 3), (7, 4))	1158	51
((7, 0), (7, 1), (7, 3), (7, 4), (7, 5))	442	15
((7, 0), (7, 1), (7, 3), (7, 5))	224	10
((7, 0), (7, 1), (7, 3), (7, 5), (7, 6))	27	1
((7, 0), (7, 1), (7, 4))	887	42
((7, 0), (7, 1), (7, 4), (7, 5))	44	2
((7, 0), (7, 1), (7, 5))	435	23
((7, 0), (7, 1), (7, 6))	59	2
((7, 0), (7, 1), (7, 7))	55	2
((7, 0), (7, 2))	7219	467
((7, 0), (7, 2), (7, 3))	1773	89
((7, 0), (7, 2), (7, 3), (7, 4))	218	12
((7, 0), (7, 2), (7, 3), (7, 4), (7, 5))	592	27
((7, 0), (7, 2), (7, 3), (7, 5))	25	2
((7, 0), (7, 2), (7, 3), (7, 5), (7, 6))	14	1
((7, 0), (7, 2), (7, 4))	11	1
((7, 0), (7, 2), (7, 4), (7, 5))	19	1
((7, 0), (7, 3))	1365	86
((7, 0), (7, 3), (7, 4))	210	12
((7, 0), (7, 3), (7, 4), (7, 5))	11	1
((7, 0), (7, 3), (7, 5))	29	2
((7, 0), (7, 4))	412	24
((7, 0), (7, 4), (7, 5))	25	1
((7, 0), (7, 4), (7, 5), (7, 6))	35	1
((7, 0), (7, 5))	365	17
((7, 0), (7, 5), (7, 6))	41	2
((7, 0), (7, 5), (7, 6), (7, 7))	55	2
((7, 0), (7, 6))	29	1
((7, 0), (7, 6), (7, 7))	81	2
((7, 0), (7, 7))	120	4
((7, 0), (7, 7), (7, 8))	15	1
((7, 0), (8, 0))	61042	3697
((7, 1),)	95017	6377
((7, 1), (7, 2))	148942	7209
((7, 1), (7, 2), (7, 3))	260209	10579
((7, 1), (7, 2), (7, 3), (7, 4))	83291	3211
((7, 1), (7, 2), (7, 3), (7, 4), (7, 5))	19184	729
((7, 1), (7, 2), (7, 3), (7, 4), (7, 6))	674	27
((7, 1), (7, 2), (7, 3), (7, 4), (7, 7))	34	1
((7, 1), (7, 2), (7, 3), (7, 5))	51611	1941
((7, 1), (7, 2), (7, 3), (7, 5), (7, 6))	25815	862
((7, 1), (7, 2), (7, 3), (7, 5), (7, 7))	201	6
((7, 1), (7, 2), (7, 3), (7, 6))	1194	43
((7, 1), (7, 2), (7, 3), (7, 6), (7, 7))	343	12
((7, 1), (7, 2), (7, 3), (7, 7))	186	8
((7, 1), (7, 2), (7, 3), (7, 8))	55	2
((7, 1), (7, 2), (7, 4))	9268	406
((7, 1), (7, 2), (7, 4), (7, 5))	1637	69
((7, 1), (7, 2), (7, 4), (7, 5), (7, 6))	764	28
((7, 1), (7, 2), (7, 4), (7, 6))	41	2
((7, 1), (7, 2), (7, 5))	4009	172
((7, 1), (7, 2), (7, 5), (7, 6))	679	34
((7, 1), (7, 2), (7, 5), (7, 6), (7, 7))	329	10
((7, 1), (7, 2), (7, 5), (7, 7))	47	2
((7, 1), (7, 2), (7, 6))	122	6
((7, 1), (7, 2), (7, 6), (7, 7))	88	3
((7, 1), (7, 2), (7, 7))	117	5
((7, 1), (7, 2), (7, 8))	119	5
((7, 1), (7, 3))	17804	937
((7, 1), (7, 3), (7, 4))	3055	151
((7, 1), (7, 3), (7, 4), (7, 5))	833	36
((7, 1), (7, 3), (7, 4), (7, 5), (7, 6))	440	19
((7, 1), (7, 3), (7, 4), (7, 5), (7, 7))	6	1
((7, 1), (7, 3), (7, 5))	1705	78
((7, 1), (7, 3), (7, 5), (7, 6))	180	6
((7, 1), (7, 3), (7, 5), (7, 6), (7, 7))	27	2
((7, 1), (7, 4))	3436	174
((7, 1), (7, 4), (7, 5))	970	46
((7, 1), (7, 4), (7, 5), (7, 6))	212	10
((7, 1), (7, 4), (7, 5), (7, 6), (7, 7))	85	4
((7, 1), (7, 4), (7, 6))	28	1
((7, 1), (7, 4), (7, 6), (7, 7))	23	1
((7, 1), (7, 4), (7, 7))	16	1
((7, 1), (7, 5))	1636	79
((7, 1), (7, 5), (7, 6))	258	12
((7, 1), (7, 5), (7, 6), (7, 7))	198	7
((7, 1), (7, 5), (7, 6), (7, 7), (7, 8))	78	2
((7, 1), (7, 5), (7, 7))	35	2
((7, 1), (7, 6))	96	4
((7, 1), (7, 6), (7, 7))	66	3
((7, 1), (7, 7))	42	2
((7, 1), (8, 1))	80914	3947
((7, 2),)	24590	2027
((7, 2), (7, 3))	30696	1593
((7, 2), (7, 3), (7, 4))	17102	772
((7, 2), (7, 3), (7, 4), (7, 5))	4264	180
((7, 2), (7, 3), (7, 4), (7, 5), (7, 6))	5456	208
((7, 2), (7, 3), (7, 4), (7, 5), (7, 7))	258	14
((7, 2), (7, 3), (7, 4), (7, 6))	88	3
((7, 2), (7, 3), (7, 4), (7, 6), (7, 7))	341	14
((7, 2), (7, 3), (7, 4), (7, 7), (7, 8))	32	2
((7, 2), (7, 3), (7, 5))	6737	310
((7, 2), (7, 3), (7, 5), (7, 6))	1762	69
((7, 2), (7, 3), (7, 5), (7, 6), (7, 7))	30560	1066
((7, 2), (7, 3), (7, 5), (7, 6), (7, 8))	18	1
((7, 2), (7, 3), (7, 5), (7, 7))	429	19
((7, 2), (7, 3), (7, 5), (7, 7), (7, 8))	96	4
((7, 2), (7, 3), (7, 5), (7, 8))	20	1
((7, 2), (7, 3), (7, 6))	147	10
((7, 2), (7, 3), (7, 6), (7, 7))	923	35
((7, 2), (7, 3), (7, 6), (7, 7), (7, 8))	296	12
((7, 2), (7, 3), (7, 7))	222	9
((7, 2), (7, 3), (7, 7), (7, 8))	18	1
((7, 2), (7, 3), (7, 8))	62	3
((7, 2), (7, 4))	1955	101
((7, 2), (7, 4), (7, 5))	505	25
((7, 2), (7, 4), (7, 5), (7, 6))	158	6
((7, 2), (7, 4), (7, 5), (7, 6), (7, 7))	950	33
((7, 2), (7, 4), (7, 6))	45	2
((7, 2), (7, 5))	1371	65
((7, 2), (7, 5), (7, 6))	153	6
((7, 2), (7, 5), (7, 6), (7, 7))	1606	61
((7, 2), (7, 5), (7, 6), (7, 7), (7, 8))	419	13
((7, 2), (7, 5), (7, 7))	81	3
((7, 2), (7, 6))	21	2
((7, 2), (7, 6), (7, 7))	103	5
((7, 2), (7, 6), (7, 7), (7, 8))	31	2
((7, 2), (7, 7))	67	5
((7, 2), (7, 7), (7, 8))	32	2
((7, 2), (7, 8))	79	5
((7, 2), (8, 2))	43878	2281
((7, 3),)	40319	3174
((7, 3), (7, 4))	10699	575
((7, 3), (7, 4), (7, 5))	13636	623
((7, 3), (7, 4), (7, 5), (7, 6))	5663	241
((7, 3), (7, 4), (7, 5), (7, 6), (7, 7))	16277	611
((7, 3), (7, 4), (7, 5), (7, 6), (7, 8))	243	12
((7, 3), (7, 4), (7, 5), (7, 7))	443	21
((7, 3), (7, 4), (7, 5), (7, 7), (7, 8))	155	8
((7, 3), (7, 4), (7, 5), (7, 8))	21	1
((7, 3), (7, 4), (7, 6))	623	22
((7, 3), (7, 4), (7, 6), (7, 7))	1292	56
((7, 3), (7, 4), (7, 6), (7, 7), (7, 8))	615	26
((7, 3), (7, 4), (7, 6), (7, 8))	36	2
((7, 3), (7, 4), (7, 7))	173	7
((7, 3), (7, 4), (7, 7), (7, 8))	69	2
((7, 3), (7, 5))	22263	1113
((7, 3), (7, 5), (7, 6))	10719	459
((7, 3), (7, 5), (7, 6), (7, 7))	52029	1975
((7, 3), (7, 5), (7, 6), (7, 7), (7, 8))	35617	1267
((7, 3), (7, 5), (7, 6), (7, 8))	13	1
((7, 3), (7, 5), (7, 7))	1074	53
((7, 3), (7, 5), (7, 7), (7, 8))	222	11
((7, 3), (7, 5), (7, 8))	39	3
((7, 3), (7, 6))	1151	56
((7, 3), (7, 6), (7, 7))	2607	127
((7, 3), (7, 6), (7, 7), (7, 8))	1140	51
((7, 3), (7, 7))	1015	50
((7, 3), (7, 7), (7, 8))	249	12
((7, 3), (7, 8))	163	12
((7, 3), (8, 3))	31307	1756
((7, 4),)	30665	1898
((7, 4), (7, 5))	9641	525
((7, 4), (7, 5), (7, 6))	16063	670
((7, 4), (7, 5), (7, 6), (7, 7))	54995	2169
((7, 4), (7, 5), (7, 6), (7, 7), (7, 8))	39888	1447
((7, 4), (7, 5), (7, 6), (7, 8))	84	5
((7, 4), (7, 5), (7, 7))	1427	76
((7, 4), (7, 5), (7, 7), (7, 8))	1035	45
((7, 4), (7, 5), (7, 8))	10	1
((7, 4), (7, 6))	1411	77
((7, 4), (7, 6), (7, 7))	3766	176
((7, 4), (7, 6), (7, 7), (7, 8))	1888	81
((7, 4), (7, 6), (7, 8))	28	2
((7, 4), (7, 7))	512	31
((7, 4), (7, 7), (7, 8))	281	12
((7, 4), (7, 8))	315	14
((7, 4), (8, 4))	26987	1378
((7, 5),)	42818	3633
((7, 5), (7, 6))	23590	1304
((7, 5), (7, 6), (7, 7))	164989	7138
((7, 5), (7, 6), (7, 7), (7, 8))	99566	4031
((7, 5), (7, 6), (7, 8))	2250	121
((7, 5), (7, 7))	12933	685
((7, 5), (7, 7), (7, 8))	12075	576
((7, 5), (7, 8))	1259	86
((7, 5), (8, 5))	32989	1882
((7, 6),)	29624	2572
((7, 6), (7, 7))	101767	5198
((7, 6), (7, 7), (7, 8))	133483	6169
((7, 6), (7, 8))	10316	690
((7, 6), (8, 6))	31771	1944
((7, 7),)	57180	4177
((7, 7), (7, 8))	106218	5645
((7, 7), (8, 7))	79644	4347
((7, 8),)	34032	3689
((7, 8), (8, 8))	77888	5115
((8, 0),)	61098	4920
((8, 0), (8, 1))	207127	11931
((8, 0), (8, 1), (8, 2))	187157	9608
((8, 0), (8, 1), (8, 2), (8, 3))	118842	5536
((8, 0), (8, 1), (8, 2), (8, 3), (8, 4))	102004	3992
((8, 0), (8, 1), (8, 2), (8, 3), (8, 5))	9762	401
((8, 0), (8, 1), (8, 2), (8, 3), (8, 7))	20	1
((8, 0), (8, 1), (8, 2), (8, 4))	13202	595
((8, 0), (8, 1), (8, 2), (8, 4), (8, 5))	3172	130
((8, 0), (8, 1), (8, 2), (8, 5))	249	12
((8, 0), (8, 1), (8, 2), (8, 5), (8, 6))	9	1
((8, 0), (8, 1), (8, 2), (8, 6))	17	1
((8, 0), (8, 1), (8, 2), (8, 6), (8, 7))	16	1
((8, 0), (8, 1), (8, 3))	20323	1153
((8, 0), (8, 1), (8, 3), (8, 4))	5340	266
((8, 0), (8, 1), (8, 3), (8, 4), (8, 5))	1018	48
((8, 0), (8, 1), (8, 3), (8, 5))	25	2
((8, 0), (8, 1), (8, 4))	1243	73
((8, 0), (8, 1), (8, 4), (8, 5))	247	13
((8, 0), (8, 1), (8, 4), (8, 5), (8, 6))	18	1
((8, 0), (8, 1), (8, 5))	555	30
((8, 0), (8, 1), (8, 5), (8, 6))	28	2
((8, 0), (8, 1), (8, 6))	100	6
((8, 0), (8, 1), (8, 7))	30	2
((8, 0), (8, 2))	17018	1036
((8, 0), (8, 2), (8, 3))	9918	537
((8, 0), (8, 2), (8, 3), (8, 4))	4272	221
((8, 0), (8, 2), (8, 3), (8, 4), (8, 5))	1577	73
((8, 0), (8, 2), (8, 3), (8, 5))	145	6
((8, 0), (8, 2), (8, 4))	442	21
((8, 0), (8, 2), (8, 4), (8, 5))	68	5
((8, 0), (8, 3))	6418	397
((8, 0), (8, 3), (8, 4))	1549	89
((8, 0), (8, 3), (8, 4), (8, 5))	278	13
((8, 0), (8, 3), (8, 4), (8, 5), (8, 6))	71	4
((8, 0), (8, 3), (8, 5))	26	2
((8, 0), (8, 4))	902	55
((8, 0), (8, 4), (8, 5))	130	9
((8, 0), (8, 4), (8, 5), (8, 6))	28	1
((8, 0), (8, 5))	131	8
((8, 0), (8, 6))	38	3
((8, 0), (8, 7))	52	1
((8, 1),)	28098	2786
((8, 1), (8, 2))	34242	2048
((8, 1), (8, 2), (8, 3))	34584	1856
((8, 1), (8, 2), (8, 3), (8, 4))	44181	1895
((8, 1), (8, 2), (8, 3), (8, 4), (8, 5))	20372	849
((8, 1), (8, 2), (8, 3), (8, 4), (8, 6))	1451	59
((8, 1), (8, 2), (8, 3), (8, 5))	1070	49
((8, 1), (8, 2), (8, 3), (8, 5), (8, 6))	3407	141
((8, 1), (8, 2), (8, 3), (8, 6))	17	1
((8, 1), (8, 2), (8, 3), (8, 7))	16	1
((8, 1), (8, 2), (8, 3), (8, 8))	32	1
((8, 1), (8, 2), (8, 4))	4062	210
((8, 1), (8, 2), (8, 4), (8, 5))	579	28
((8, 1), (8, 2), (8, 4), (8, 5), (8, 6))	1516	61
((8, 1), (8, 2), (8, 4), (8, 6))	38	2
((8, 1), (8, 2), (8, 5))	113	6
((8, 1), (8, 2), (8, 6))	57	2
((8, 1), (8, 2), (8, 7))	22	1
((8, 1), (8, 2), (8, 8))	68	2
((8, 1), (8, 3))	3900	256
((8, 1), (8, 3), (8, 4))	1630	90
((8, 1), (8, 3), (8, 4), (8, 5))	147	5
((8, 1), (8, 3), (8, 4), (8, 5), (8, 6))	819	30
((8, 1), (8, 3), (8, 4), (8, 6))	38	2
((8, 1), (8, 3), (8, 5))	62	4
((8, 1), (8, 4))	707	48
((8, 1), (8, 4), (8, 5))	76	6
((8, 1), (8, 4), (8, 5), (8, 6))	5	1
((8, 1), (8, 4), (8, 5), (8, 6), (8, 7))	76	3
((8, 1), (8, 5))	251	17
((8, 1), (8, 5), (8, 6))	15	1
((8, 1), (8, 6))	95	5
((8, 1), (8, 8))	50	2
((8, 2),)	58797	5073
((8, 2), (8, 3))	43007	2784
((8, 2), (8, 3), (8, 4))	61750	3040
((8, 2), (8, 3), (8, 4), (8, 5))	25887	1192
((8, 2), (8, 3), (8, 4), (8, 5), (8, 6))	16647	730
((8, 2), (8, 3), (8, 4), (8, 5), (8, 7))	990	40
((8, 2), (8, 3), (8, 4), (8, 6))	579	34
((8, 2), (8, 3), (8, 4), (8, 6), (8, 7))	1133	47
((8, 2), (8, 3), (8, 4), (8, 6), (8, 8))	24	1
((8, 2), (8, 3), (8, 4), (8, 7))	20	1
((8, 2), (8, 3), (8, 5))	3752	204
((8, 2), (8, 3), (8, 5), (8, 6))	1179	56
((8, 2), (8, 3), (8, 5), (8, 6), (8, 7))	4091	154
((8, 2), (8, 3), (8, 5), (8, 6), (8, 8))	40	2
((8, 2), (8, 3), (8, 6))	224	11
((8, 2), (8, 3), (8, 6), (8, 7), (8, 8))	69	3
((8, 2), (8, 3), (8, 7))	77	4
((8, 2), (8, 3), (8, 7), (8, 8))	101	4
((8, 2), (8, 3), (8, 8))	110	6
((8, 2), (8, 4))	6312	366
((8, 2), (8, 4), (8, 5))	2375	128
((8, 2), (8, 4), (8, 5), (8, 6))	400	24
((8, 2), (8, 4), (8, 5), (8, 6), (8, 7))	1892	62
((8, 2), (8, 4), (8, 5), (8, 7), (8, 8))	13	1
((8, 2), (8, 4), (8, 5), (8, 8))	22	1
((8, 2), (8, 4), (8, 6))	64	4
((8, 2), (8, 5))	567	41
((8, 2), (8, 5), (8, 6))	120	8
((8, 2), (8, 5), (8, 6), (8, 7))	150	5
((8, 2), (8, 5), (8, 6), (8, 7), (8, 8))	66	3
((8, 2), (8, 6))	221	16
((8, 2), (8, 6), (8, 7))	31	1
((8, 2), (8, 6), (8, 7), (8, 8))	28	2
((8, 2), (8, 6), (8, 8))	27	2
((8, 2), (8, 7))	0	1
((8, 2), (8, 7), (8, 8))	6	2
((8, 2), (8, 8))	54	2
((8, 3),)	46797	4787
((8, 3), (8, 4))	32602	1955
((8, 3), (8, 4), (8, 5))	31582	1635
((8, 3), (8, 4), (8, 5), (8, 6))	17432	811
((8, 3), (8, 4), (8, 5), (8, 6), (8, 7))	17360	713
((8, 3), (8, 4), (8, 5), (8, 6), (8, 8))	1284	61
((8, 3), (8, 4), (8, 5), (8, 7))	195	11
((8, 3), (8, 4), (8, 5), (8, 7), (8, 8))	930	38
((8, 3), (8, 4), (8, 5), (8, 8))	31	3
((8, 3), (8, 4), (8, 6))	1371	83
((8, 3), (8, 4), (8, 6), (8, 7))	322	16
((8, 3), (8, 4), (8, 6), (8, 7), (8, 8))	2059	86
((8, 3), (8, 4), (8, 6), (8, 8))	87	7
((8, 3), (8, 4), (8, 7))	31	2
((8, 3), (8, 4), (8, 7), (8, 8))	74	2
((8, 3), (8, 4), (8, 8))	77	5
((8, 3), (8, 5))	7490	417
((8, 3), (8, 5), (8, 6))	4571	225
((8, 3), (8, 5), (8, 6), (8, 7))	874	37
((8, 3), (8, 5), (8, 6), (8, 7), (8, 8))	9181	360
((8, 3), (8, 5), (8, 6), (8, 8))	72	4
((8, 3), (8, 5), (8, 7))	58	3
((8, 3), (8, 5), (8, 7), (8, 8))	59	2
((8, 3), (8, 6))	343	19
((8, 3), (8, 6), (8, 7))	55	5
((8, 3), (8, 6), (8, 7), (8, 8))	187	8
((8, 3), (8, 7))	183	13
((8, 3), (8, 7), (8, 8))	185	9
((8, 3), (8, 8))	332	15
((8, 4),)	67181	4505
((8, 4), (8, 5))	34814	2121
((8, 4), (8, 5), (8, 6))	60978	3002
((8, 4), (8, 5), (8, 6), (8, 7))	40440	1690
((8, 4), (8, 5), (8, 6), (8, 7), (8, 8))	66300	2626
((8, 4), (8, 5), (8, 6), (8, 8))	5901	324
((8, 4), (8, 5), (8, 7))	2470	123
((8, 4), (8, 5), (8, 7), (8, 8))	4610	221
((8, 4), (8, 5), (8, 8))	701	38
((8, 4), (8, 6))	5194	297
((8, 4), (8, 6), (8, 7))	3248	151
((8, 4), (8, 6), (8, 7), (8, 8))	7316	329
((8, 4), (8, 6), (8, 8))	192	13
((8, 4), (8, 7))	314	20
((8, 4), (8, 7), (8, 8))	385	24
((8, 4), (8, 8))	395	23
((8, 5),)	39061	4387
((8, 5), (8, 6))	35591	2478
((8, 5), (8, 6), (8, 7))	28765	1589
((8, 5), (8, 6), (8, 7), (8, 8))	71403	3516
((8, 5), (8, 6), (8, 8))	19526	1175
((8, 5), (8, 7))	3040	201
((8, 5), (8, 7), (8, 8))	13964	794
((8, 5), (8, 8))	3011	205
((8, 6),)	48029	4730
((8, 6), (8, 7))	31661	2067
((8, 6), (8, 7), (8, 8))	111936	6075
((8, 6), (8, 8))	26912	1678
((8, 7),)	31678	3494
((8, 7), (8, 8))	126788	7871
((8, 8),)	65269	5716
