((0, 0),)	9074	1016
((0, 0), (0, 1))	22439	1510
((0, 0), (0, 1), (0, 2))	22923	1268
((0, 0), (0, 1), (0, 2), (0, 3))	11126	561
((0, 0), (0, 1), (0, 2), (0, 3), (0, 4))	9327	400
((0, 0), (0, 1), (0, 2), (0, 3), (0, 5))	184	7
((0, 0), (0, 1), (0, 2), (0, 4))	3740	186
((0, 0), (0, 1), (0, 2), (0, 4), (0, 5))	1331	59
((0, 0), (0, 1), (0, 2), (0, 6))	10	1
((0, 0), (0, 1), (0, 3))	3983	226
((0, 0), (0, 1), (0, 3), (0, 4))	2662	133
((0, 0), (0, 1), (0, 3), (0, 4), (0, 5))	1214	49
((0, 0), (0, 1), (0, 3), (0, 4), (0, 6))	20	1
((0, 0), (0, 1), (0, 4))	118	6
((0, 0), (0, 1), (0, 5))	22	1
((0, 0), (0, 1), (0, 8))	44	1
((0, 0), (0, 2))	5484	388
((0, 0), (0, 2), (0, 3))	4267	249
((0, 0), (0, 2), (0, 3), (0, 4))	2503	150
((0, 0), (0, 2), (0, 3), (0, 4), (0, 5))	791	39
((0, 0), (0, 2), (0, 4))	105	6
((0, 0), (0, 3))	763	58
((0, 0), (0, 3), (0, 4))	349	23
((0, 0), (0, 3), (0, 4), (0, 5))	149	6
((0, 0), (0, 3), (0, 4), (0, 5), (0, 6))	29	1
((0, 0), (0, 4))	112	8
((0, 0), (0, 4), (0, 5))	25	2
((0, 0), (0, 6))	18	1
((0, 0), (0, 7))	26	1
((0, 0), (1, 0))	31413	2148
((0, 0), (1, 0), (2, 0))	33705	1869
((0, 0), (1, 0), (2, 0), (3, 0))	21791	1092
((0, 0), (1, 0), (2, 0), (3, 0), (4, 0))	6732	299
((0, 0), (1, 0), (2, 0), (3, 0), (5, 0))	4390	172
((0, 0), (1, 0), (2, 0), (4, 0))	2521	131
((0, 0), (1, 0), (2, 0), (4, 0), (5, 0))	381	17
((0, 0), (1, 0), (2, 0), (5, 0))	9	2
((0, 0), (1, 0), (2, 0), (5, 0), (6, 0))	17	1
((0, 0), (1, 0), (2, 0), (6, 0))	10	1
((0, 0), (1, 0), (3, 0))	3069	174
((0, 0), (1, 0), (3, 0), (4, 0))	1616	85
((0, 0), (1, 0), (3, 0), (4, 0), (5, 0))	522	26
((0, 0), (1, 0), (3, 0), (5, 0))	71	4
((0, 0), (1, 0), (4, 0))	76	5
((0, 0), (1, 0), (5, 0))	28	3
((0, 0), (1, 0), (6, 0))	5	1
((0, 0), (2, 0))	3965	275
((0, 0), (2, 0), (3, 0))	1999	128
((0, 0), (2, 0), (3, 0), (4, 0))	1763	96
((0, 0), (2, 0), (3, 0), (4, 0), (5, 0))	475	21
((0, 0), (2, 0), (3, 0), (5, 0))	12	1
((0, 0), (2, 0), (4, 0))	51	4
((0, 0), (3, 0))	444	30
((0, 0), (3, 0), (4, 0))	229	18
((0, 0), (3, 0), (4, 0), (5, 0))	145	7
((0, 0), (4, 0))	228	11
((0, 1),)	6419	919
((0, 1), (0, 2))	4279	344
((0, 1), (0, 2), (0, 3))	4740	323
((0, 1), (0, 2), (0, 3), (0, 4))	4997	251
((0, 1), (0, 2), (0, 3), (0, 4), (0, 5))	7044	310
((0, 1), (0, 2), (0, 3), (0, 4), (0, 6))	1329	59
((0, 1), (0, 2), (0, 3), (0, 5))	125	10
((0, 1), (0, 2), (0, 3), (0, 5), (0, 6))	367	15
((0, 1), (0, 2), (0, 3), (0, 5), (0, 7))	16	1
((0, 1), (0, 2), (0, 3), (0, 6))	44	2
((0, 1), (0, 2), (0, 4))	869	44
((0, 1), (0, 2), (0, 4), (0, 5))	130	7
((0, 1), (0, 2), (0, 4), (0, 5), (0, 6))	845	32
((0, 1), (0, 2), (0, 5))	30	1
((0, 1), (0, 3))	556	39
((0, 1), (0, 3), (0, 4))	568	33
((0, 1), (0, 3), (0, 4), (0, 5))	30	2
((0, 1), (0, 3), (0, 4), (0, 5), (0, 6))	507	23
((0, 1), (0, 4))	88	7
((0, 1), (0, 4), (0, 5))	40	2
((0, 1), (0, 5))	6	2
((0, 1), (0, 6))	14	1
((0, 1), (0, 6), (0, 7), (0, 8))	15	1
((0, 1), (0, 8))	10	1
((0, 1), (1, 1))	33197	1941
((0, 1), (1, 1), (2, 1))	39798	2050
((0, 1), (1, 1), (2, 1), (3, 1))	31616	1478
((0, 1), (1, 1), (2, 1), (3, 1), (4, 1))	12496	523
((0, 1), (1, 1), (2, 1), (3, 1), (5, 1))	7056	269
((0, 1), (1, 1), (2, 1), (3, 1), (6, 1))	170	6
((0, 1), (1, 1), (2, 1), (4, 1))	2277	113
((0, 1), (1, 1), (2, 1), (4, 1), (5, 1))	600	25
((0, 1), (1, 1), (2, 1), (5, 1))	278	14
((0, 1), (1, 1), (2, 1), (6, 1))	50	1
((0, 1), (1, 1), (2, 1), (8, 1))	18	1
((0, 1), (1, 1), (3, 1))	4556	256
((0, 1), (1, 1), (3, 1), (4, 1))	1526	79
((0, 1), (1, 1), (3, 1), (4, 1), (5, 1))	789	33
((0, 1), (1, 1), (3, 1), (5, 1))	46	2
((0, 1), (1, 1), (3, 1), (5, 1), (6, 1))	36	1
((0, 1), (1, 1), (4, 1))	419	25
((0, 1), (1, 1), (4, 1), (5, 1))	168	8
((0, 1), (1, 1), (5, 1))	64	4
((0, 1), (1, 1), (8, 1))	14	1
((0, 1), (2, 1))	4042	322
((0, 1), (2, 1), (3, 1))	1326	71
((0, 1), (2, 1), (3, 1), (4, 1))	253	14
((0, 1), (2, 1), (3, 1), (4, 1), (5, 1))	878	36
((0, 1), (2, 1), (4, 1), (5, 1), (6, 1))	15	1
((0, 1), (3, 1))	652	50
((0, 1), (3, 1), (4, 1))	63	4
((0, 1), (3, 1), (4, 1), (5, 1))	39	2
((0, 1), (3, 1), (5, 1))	16	1
((0, 1), (3, 1), (5, 1), (6, 1), (7, 1))	10	1
((0, 1), (4, 1))	94	8
((0, 1), (5, 1))	14	1
((0, 2),)	9935	1322
((0, 2), (0, 3))	7109	651
((0, 2), (0, 3), (0, 4))	16034	963
((0, 2), (0, 3), (0, 4), (0, 5))	6453	362
((0, 2), (0, 3), (0, 4), (0, 5), (0, 6))	7957	361
((0, 2), (0, 3), (0, 4), (0, 5), (0, 7))	1344	53
((0, 2), (0, 3), (0, 4), (0, 5), (0, 8))	58	1
((0, 2), (0, 3), (0, 4), (0, 6))	413	21
((0, 2), (0, 3), (0, 4), (0, 6), (0, 7))	1406	55
((0, 2), (0, 3), (0, 5))	472	37
((0, 2), (0, 3), (0, 5), (0, 6))	179	12
((0, 2), (0, 3), (0, 5), (0, 6), (0, 7))	193	10
((0, 2), (0, 3), (0, 6))	22	2
((0, 2), (0, 3), (0, 6), (0, 7), (0, 8))	64	2
((0, 2), (0, 3), (0, 7))	10	1
((0, 2), (0, 3), (0, 7), (0, 8))	26	1
((0, 2), (0, 3), (0, 8))	17	1
((0, 2), (0, 4))	2350	150
((0, 2), (0, 4), (0, 5))	818	44
((0, 2), (0, 4), (0, 5), (0, 6))	163	8
((0, 2), (0, 4), (0, 5), (0, 6), (0, 7))	717	27
((0, 2), (0, 5))	74	9
((0, 2), (0, 5), (0, 6))	12	1
((0, 2), (0, 6))	16	1
((0, 2), (0, 8))	14	1
((0, 2), (1, 2))	15140	979
((0, 2), (1, 2), (2, 2))	43753	2050
((0, 2), (1, 2), (2, 2), (3, 2))	26285	1091
((0, 2), (1, 2), (2, 2), (3, 2), (4, 2))	19926	746
((0, 2), (1, 2), (2, 2), (3, 2), (5, 2))	3434	132
((0, 2), (1, 2), (2, 2), (3, 2), (6, 2))	51	2
((0, 2), (1, 2), (2, 2), (4, 2))	1108	44
((0, 2), (1, 2), (2, 2), (4, 2), (5, 2))	290	12
((0, 2), (1, 2), (2, 2), (5, 2))	71	2
((0, 2), (1, 2), (2, 2), (5, 2), (6, 2))	61	2
((0, 2), (1, 2), (3, 2))	1418	86
((0, 2), (1, 2), (3, 2), (4, 2))	291	16
((0, 2), (1, 2), (3, 2), (4, 2), (5, 2))	247	9
((0, 2), (1, 2), (3, 2), (5, 2))	14	1
((0, 2), (1, 2), (4, 2))	422	18
((0, 2), (1, 2), (4, 2), (5, 2))	22	1
((0, 2), (1, 2), (5, 2))	55	3
((0, 2), (2, 2))	9063	589
((0, 2), (2, 2), (3, 2))	1924	115
((0, 2), (2, 2), (3, 2), (4, 2))	683	34
((0, 2), (2, 2), (3, 2), (4, 2), (5, 2))	266	11
((0, 2), (2, 2), (3, 2), (4, 2), (6, 2))	36	1
((0, 2), (2, 2), (3, 2), (5, 2))	8	1
((0, 2), (3, 2))	457	46
((0, 2), (3, 2), (4, 2))	17	2
((0, 2), (4, 2))	721	35
((0, 2), (4, 2), (5, 2))	47	1
((0, 2), (6, 2))	23	1
((0, 3),)	6763	1087
((0, 3), (0, 4))	15919	1289
((0, 3), (0, 4), (0, 5))	14825	939
((0, 3), (0, 4), (0, 5), (0, 6))	5396	311
((0, 3), (0, 4), (0, 5), (0, 6), (0, 7))	7608	346
((0, 3), (0, 4), (0, 5), (0, 6), (0, 8))	2958	135
((0, 3), (0, 4), (0, 5), (0, 7))	220	16
((0, 3), (0, 4), (0, 5), (0, 7), (0, 8))	1942	81
((0, 3), (0, 4), (0, 5), (0, 8))	107	7
((0, 3), (0, 4), (0, 6))	1183	66
((0, 3), (0, 4), (0, 6), (0, 7))	189	11
((0, 3), (0, 4), (0, 6), (0, 7), (0, 8))	3560	148
((0, 3), (0, 4), (0, 7))	15	1
((0, 3), (0, 4), (0, 7), (0, 8))	49	2
((0, 3), (0, 4), (0, 8))	35	2
((0, 3), (0, 5))	709	71
((0, 3), (0, 5), (0, 6))	203	15
((0, 3), (0, 5), (0, 6), (0, 7))	108	5
((0, 3), (0, 5), (0, 6), (0, 7), (0, 8))	374	19
((0, 3), (0, 5), (0, 7), (0, 8))	12	1
((0, 3), (0, 6))	111	20
((0, 3), (0, 6), (0, 7))	9	1
((0, 3), (0, 6), (0, 7), (0, 8))	81	3
((0, 3), (0, 7))	0	1
((0, 3), (0, 7), (0, 8))	28	1
((0, 3), (0, 8))	15	1
((0, 3), (1, 3))	11453	845
((0, 3), (1, 3), (2, 3))	15587	833
((0, 3), (1, 3), (2, 3), (3, 3))	11467	566
((0, 3), (1, 3), (2, 3), (3, 3), (4, 3))	49363	1805
((0, 3), (1, 3), (2, 3), (3, 3), (5, 3))	3536	133
((0, 3), (1, 3), (2, 3), (4, 3))	143	7
((0, 3), (1, 3), (2, 3), (4, 3), (5, 3))	158	6
((0, 3), (1, 3), (2, 3), (5, 3))	85	3
((0, 3), (1, 3), (2, 3), (5, 3), (6, 3))	28	1
((0, 3), (1, 3), (2, 3), (6, 3))	15	1
((0, 3), (1, 3), (3, 3))	3137	191
((0, 3), (1, 3), (3, 3), (4, 3))	58	3
((0, 3), (1, 3), (3, 3), (4, 3), (5, 3))	35	1
((0, 3), (1, 3), (4, 3))	66	4
((0, 3), (1, 3), (4, 3), (5, 3))	30	1
((0, 3), (1, 3), (5, 3))	119	7
((0, 3), (1, 3), (6, 3))	16	1
((0, 3), (2, 3))	2143	147
((0, 3), (2, 3), (3, 3))	1874	113
((0, 3), (2, 3), (3, 3), (4, 3))	43	3
((0, 3), (2, 3), (3, 3), (5, 3))	70	3
((0, 3), (3, 3))	681	67
((0, 3), (3, 3), (4, 3))	45	2
((0, 3), (4, 3))	44	3
((0, 3), (5, 3))	25	1
((0, 4),)	20152	2313
((0, 4), (0, 5))	25034	1855
((0, 4), (0, 5), (0, 6))	23825	1454
((0, 4), (0, 5), (0, 6), (0, 7))	7869	457
((0, 4), (0, 5), (0, 6), (0, 7), (0, 8))	8453	395
((0, 4), (0, 5), (0, 6), (0, 8))	13212	712
((0, 4), (0, 5), (0, 7))	2500	128
((0, 4), (0, 5), (0, 7), (0, 8))	7218	338
((0, 4), (0, 5), (0, 8))	1272	67
((0, 4), (0, 6))	3978	225
((0, 4), (0, 6), (0, 7))	1738	75
((0, 4), (0, 6), (0, 7), (0, 8))	7149	300
((0, 4), (0, 6), (0, 8))	78	6
((0, 4), (0, 7))	167	9
((0, 4), (0, 7), (0, 8))	212	11
((0, 4), (0, 8))	170	16
((0, 4), (1, 4))	47916	3076
((0, 4), (1, 4), (2, 4))	56123	2939
((0, 4), (1, 4), (2, 4), (3, 4))	7681	329
((0, 4), (1, 4), (2, 4), (3, 4), (5, 4))	4242	158
((0, 4), (1, 4), (2, 4), (3, 4), (6, 4))	161	6
((0, 4), (1, 4), (2, 4), (3, 4), (7, 4))	164	4
((0, 4), (1, 4), (2, 4), (3, 4), (8, 4))	89	3
((0, 4), (1, 4), (2, 4), (5, 4))	112	5
((0, 4), (1, 4), (2, 4), (5, 4), (6, 4))	108	4
((0, 4), (1, 4), (2, 4), (6, 4))	26	1
((0, 4), (1, 4), (3, 4))	362	19
((0, 4), (1, 4), (3, 4), (6, 4))	40	1
((0, 4), (1, 4), (5, 4))	60	3
((0, 4), (2, 4))	10621	708
((0, 4), (2, 4), (3, 4))	79	5
((0, 4), (3, 4))	68	4
((0, 4), (3, 4), (5, 4))	13	1
((0, 5),)	11462	1671
((0, 5), (0, 6))	10203	977
((0, 5), (0, 6), (0, 7))	8772	602
((0, 5), (0, 6), (0, 7), (0, 8))	18909	1020
((0, 5), (0, 6), (0, 8))	20401	1252
((0, 5), (0, 7))	1376	91
((0, 5), (0, 7), (0, 8))	6924	360
((0, 5), (0, 8))	1206	74
((0, 5), (1, 5))	14952	1081
((0, 5), (1, 5), (2, 5))	15763	854
((0, 5), (1, 5), (2, 5), (3, 5))	13149	619
((0, 5), (1, 5), (2, 5), (3, 5), (4, 5))	108557	3982
((0, 5), (1, 5), (2, 5), (3, 5), (5, 5))	1581	53
((0, 5), (1, 5), (2, 5), (3, 5), (6, 5))	31	1
((0, 5), (1, 5), (2, 5), (4, 5))	476	20
((0, 5), (1, 5), (2, 5), (4, 5), (5, 5))	115	4
((0, 5), (1, 5), (2, 5), (5, 5))	95	3
((0, 5), (1, 5), (2, 5), (5, 5), (6, 5))	38	1
((0, 5), (1, 5), (2, 5), (6, 5))	33	2
((0, 5), (1, 5), (2, 5), (6, 5), (7, 5))	57	2
((0, 5), (1, 5), (3, 5))	3583	206
((0, 5), (1, 5), (3, 5), (4, 5))	158	7
((0, 5), (1, 5), (3, 5), (4, 5), (5, 5))	60	2
((0, 5), (1, 5), (4, 5))	216	13
((0, 5), (1, 5), (5, 5))	142	6
((0, 5), (1, 5), (6, 5))	15	1
((0, 5), (1, 5), (7, 5))	62	3
((0, 5), (2, 5))	1953	145
((0, 5), (2, 5), (3, 5))	1685	85
((0, 5), (2, 5), (3, 5), (4, 5))	102	6
((0, 5), (2, 5), (3, 5), (4, 5), (5, 5))	16	1
((0, 5), (3, 5))	723	54
((0, 5), (3, 5), (4, 5))	60	4
((0, 5), (4, 5))	15	2
((0, 5), (5, 5))	151	6
((0, 5), (6, 5))	81	3
((0, 6),)	17045	2431
((0, 6), (0, 7))	10132	929
((0, 6), (0, 7), (0, 8))	46758	2578
((0, 6), (0, 8))	16702	1130
((0, 6), (1, 6))	20738	1347
((0, 6), (1, 6), (2, 6))	72660	3262
((0, 6), (1, 6), (2, 6), (3, 6))	51740	2117
((0, 6), (1, 6), (2, 6), (3, 6), (4, 6))	44543	1713
((0, 6), (1, 6), (2, 6), (3, 6), (5, 6))	1775	65
((0, 6), (1, 6), (2, 6), (3, 6), (6, 6))	55	2
((0, 6), (1, 6), (2, 6), (4, 6))	2092	92
((0, 6), (1, 6), (2, 6), (4, 6), (5, 6))	802	33
((0, 6), (1, 6), (2, 6), (4, 6), (6, 6))	20	1
((0, 6), (1, 6), (2, 6), (5, 6))	16	1
((0, 6), (1, 6), (2, 6), (5, 6), (6, 6))	12	1
((0, 6), (1, 6), (3, 6))	2401	116
((0, 6), (1, 6), (3, 6), (4, 6))	774	33
((0, 6), (1, 6), (3, 6), (4, 6), (5, 6))	223	9
((0, 6), (1, 6), (4, 6))	857	41
((0, 6), (1, 6), (4, 6), (5, 6))	41	2
((0, 6), (1, 6), (5, 6))	166	9
((0, 6), (1, 6), (5, 6), (6, 6), (7, 6))	22	1
((0, 6), (1, 6), (6, 6))	150	5
((0, 6), (1, 6), (6, 6), (7, 6))	22	1
((0, 6), (2, 6))	11801	739
((0, 6), (2, 6), (3, 6))	2597	140
((0, 6), (2, 6), (3, 6), (4, 6))	735	31
((0, 6), (2, 6), (3, 6), (4, 6), (5, 6))	179	8
((0, 6), (2, 6), (3, 6), (5, 6), (6, 6))	16	1
((0, 6), (2, 6), (4, 6))	53	2
((0, 6), (2, 6), (4, 6), (5, 6), (6, 6))	21	1
((0, 6), (2, 6), (5, 6), (6, 6))	17	1
((0, 6), (3, 6))	1177	90
((0, 6), (3, 6), (4, 6))	250	16
((0, 6), (3, 6), (4, 6), (5, 6))	18	1
((0, 6), (4, 6))	1330	72
((0, 6), (5, 6))	7	2
((0, 6), (7, 6), (8, 6))	41	1
((0, 7),)	15587	2048
((0, 7), (0, 8))	53906	3655
((0, 7), (1, 7))	77319	4281
((0, 7), (1, 7), (2, 7))	112007	5464
((0, 7), (1, 7), (2, 7), (3, 7))	74620	3444
((0, 7), (1, 7), (2, 7), (3, 7), (4, 7))	34230	1423
((0, 7), (1, 7), (2, 7), (3, 7), (5, 7))	3145	124
((0, 7), (1, 7), (2, 7), (4, 7))	4093	179
((0, 7), (1, 7), (2, 7), (4, 7), (5, 7))	1037	42
((0, 7), (1, 7), (2, 7), (5, 7))	278	13
((0, 7), (1, 7), (2, 7), (6, 7))	12	1
((0, 7), (1, 7), (2, 7), (7, 7))	36	2
((0, 7), (1, 7), (2, 7), (8, 7))	48	2
((0, 7), (1, 7), (3, 7))	9876	494
((0, 7), (1, 7), (3, 7), (4, 7))	2619	126
((0, 7), (1, 7), (3, 7), (4, 7), (5, 7))	975	40
((0, 7), (1, 7), (3, 7), (5, 7))	10	1
((0, 7), (1, 7), (4, 7))	856	44
((0, 7), (1, 7), (4, 7), (5, 7))	79	4
((0, 7), (1, 7), (4, 7), (5, 7), (6, 7))	113	3
((0, 7), (1, 7), (5, 7))	209	8
((0, 7), (1, 7), (5, 7), (6, 7))	28	1
((0, 7), (1, 7), (6, 7))	26	2
((0, 7), (1, 7), (7, 7))	18	1
((0, 7), (1, 7), (8, 7))	21	1
((0, 7), (2, 7))	6219	454
((0, 7), (2, 7), (3, 7))	3395	196
((0, 7), (2, 7), (3, 7), (4, 7))	563	28
((0, 7), (2, 7), (3, 7), (4, 7), (5, 7))	966	40
((0, 7), (2, 7), (4, 7))	74	4
((0, 7), (2, 7), (6, 7))	12	1
((0, 7), (3, 7))	2126	142
((0, 7), (3, 7), (4, 7))	275	15
((0, 7), (3, 7), (4, 7), (5, 7), (6, 7))	83	4
((0, 7), (4, 7))	574	32
((0, 7), (4, 7), (5, 7))	74	5
((0, 7), (5, 7))	71	3
((0, 7), (7, 7))	22	1
((0, 8),)	39068	4003
((0, 8), (1, 8))	115966	7968
((0, 8), (1, 8), (2, 8))	114229	6678
((0, 8), (1, 8), (2, 8), (3, 8))	58700	3073
((0, 8), (1, 8), (2, 8), (3, 8), (4, 8))	25967	1175
((0, 8), (1, 8), (2, 8), (3, 8), (5, 8))	2160	94
((0, 8), (1, 8), (2, 8), (3, 8), (6, 8))	45	2
((0, 8), (1, 8), (2, 8), (4, 8))	8866	454
((0, 8), (1, 8), (2, 8), (4, 8), (5, 8))	2269	95
((0, 8), (1, 8), (2, 8), (5, 8))	118	7
((0, 8), (1, 8), (2, 8), (5, 8), (6, 8))	7	1
((0, 8), (1, 8), (2, 8), (6, 8))	42	3
((0, 8), (1, 8), (3, 8))	9698	579
((0, 8), (1, 8), (3, 8), (4, 8))	3834	203
((0, 8), (1, 8), (3, 8), (4, 8), (5, 8))	1127	58
((0, 8), (1, 8), (3, 8), (5, 8))	5	1
((0, 8), (1, 8), (4, 8))	467	25
((0, 8), (1, 8), (4, 8), (5, 8))	76	6
((0, 8), (1, 8), (5, 8))	118	8
((0, 8), (1, 8), (5, 8), (6, 8))	37	1
((0, 8), (1, 8), (6, 8))	75	4
((0, 8), (1, 8), (8, 8))	36	1
((0, 8), (2, 8))	14958	1054
((0, 8), (2, 8), (3, 8))	10307	599
((0, 8), (2, 8), (3, 8), (4, 8))	6778	347
((0, 8), (2, 8), (3, 8), (4, 8), (5, 8))	2375	111
((0, 8), (2, 8), (4, 8))	104	7
((0, 8), (2, 8), (4, 8), (5, 8))	26	1
((0, 8), (3, 8))	2184	177
((0, 8), (3, 8), (4, 8))	1113	67
((0, 8), (3, 8), (4, 8), (5, 8))	263	15
((0, 8), (3, 8), (4, 8), (5, 8), (6, 8))	62	3
((0, 8), (3, 8), (5, 8))	16	1
((0, 8), (4, 8))	513	33
((0, 8), (4, 8), (5, 8))	107	5
((0, 8), (4, 8), (5, 8), (6, 8))	10	1
((0, 8), (4, 8), (5, 8), (6, 8), (7, 8))	22	1
((0, 8), (5, 8))	117	5
((0, 8), (6, 8))	17	2
((1, 0),)	8676	1127
((1, 0), (1, 1))	28775	1666
((1, 0), (1, 1), (1, 2))	28643	1504
((1, 0), (1, 1), (1, 2), (1, 3))	16006	811
((1, 0), (1, 1), (1, 2), (1, 3), (1, 4))	11972	479
((1, 0), (1, 1), (1, 2), (1, 3), (1, 5))	201	10
((1, 0), (1, 1), (1, 2), (1, 3), (1, 6))	75	3
((1, 0), (1, 1), (1, 2), (1, 4))	3044	143
((1, 0), (1, 1), (1, 2), (1, 4), (1, 5))	1247	51
((1, 0), (1, 1), (1, 2), (1, 5))	93	4
((1, 0), (1, 1), (1, 2), (1, 5), (1, 6))	68	3
((1, 0), (1, 1), (1, 3))	7282	374
((1, 0), (1, 1), (1, 3), (1, 4))	2904	143
((1, 0), (1, 1), (1, 3), (1, 4), (1, 5))	1583	65
((1, 0), (1, 1), (1, 4))	613	28
((1, 0), (1, 1), (1, 4), (1, 5))	45	3
((1, 0), (1, 1), (1, 4), (1, 5), (1, 6))	66	3
((1, 0), (1, 1), (1, 5))	74	3
((1, 0), (1, 1), (1, 5), (1, 6))	18	2
((1, 0), (1, 2))	4598	361
((1, 0), (1, 2), (1, 3))	2230	124
((1, 0), (1, 2), (1, 3), (1, 4))	727	34
((1, 0), (1, 2), (1, 3), (1, 4), (1, 5))	1424	61
((1, 0), (1, 2), (1, 6))	0	1
((1, 0), (1, 3))	833	69
((1, 0), (1, 3), (1, 4))	254	17
((1, 0), (1, 3), (1, 4), (1, 5))	46	3
((1, 0), (1, 3), (1, 4), (1, 5), (1, 6))	28	1
((1, 0), (1, 4))	171	14
((1, 0), (1, 4), (1, 5))	20	1
((1, 0), (1, 5))	48	3
((1, 0), (1, 5), (1, 6), (1, 7))	19	1
((1, 0), (1, 6))	4	1
((1, 0), (1, 6), (1, 7))	11	1
((1, 0), (1, 7))	16	1
((1, 0), (2, 0))	6363	480
((1, 0), (2, 0), (3, 0))	8332	452
((1, 0), (2, 0), (3, 0), (4, 0))	4666	235
((1, 0), (2, 0), (3, 0), (4, 0), (5, 0))	7368	337
((1, 0), (2, 0), (3, 0), (4, 0), (6, 0))	560	21
((1, 0), (2, 0), (3, 0), (4, 0), (8, 0))	10	1
((1, 0), (2, 0), (3, 0), (5, 0))	648	36
((1, 0), (2, 0), (3, 0), (5, 0), (6, 0))	3011	123
((1, 0), (2, 0), (3, 0), (6, 0), (7, 0))	44	1
((1, 0), (2, 0), (4, 0))	754	39
((1, 0), (2, 0), (4, 0), (5, 0))	142	9
((1, 0), (2, 0), (4, 0), (5, 0), (6, 0))	393	18
((1, 0), (2, 0), (5, 0))	57	3
((1, 0), (2, 0), (5, 0), (6, 0))	24	1
((1, 0), (2, 0), (6, 0))	0	1
((1, 0), (3, 0))	271	27
((1, 0), (3, 0), (4, 0))	263	22
((1, 0), (3, 0), (4, 0), (5, 0))	73	5
((1, 0), (3, 0), (4, 0), (5, 0), (6, 0))	280	11
((1, 0), (3, 0), (5, 0))	5	1
((1, 0), (3, 0), (5, 0), (6, 0))	11	1
((1, 0), (4, 0))	26	1
((1, 0), (4, 0), (5, 0))	70	3
((1, 0), (5, 0))	25	3
((1, 0), (5, 0), (6, 0), (7, 0))	15	1
((1, 1),)	22453	1919
((1, 1), (1, 2))	28686	1641
((1, 1), (1, 2), (1, 3))	35135	1819
((1, 1), (1, 2), (1, 3), (1, 4))	33004	1504
((1, 1), (1, 2), (1, 3), (1, 4), (1, 5))	12932	520
((1, 1), (1, 2), (1, 3), (1, 4), (1, 6))	3718	128
((1, 1), (1, 2), (1, 3), (1, 4), (1, 7))	98	4
((1, 1), (1, 2), (1, 3), (1, 5))	654	31
((1, 1), (1, 2), (1, 3), (1, 5), (1, 6))	265	8
((1, 1), (1, 2), (1, 3), (1, 6))	130	5
((1, 1), (1, 2), (1, 3), (1, 6), (1, 7))	79	2
((1, 1), (1, 2), (1, 3), (1, 7))	25	1
((1, 1), (1, 2), (1, 4))	8787	406
((1, 1), (1, 2), (1, 4), (1, 5))	3423	145
((1, 1), (1, 2), (1, 4), (1, 5), (1, 6))	1807	66
((1, 1), (1, 2), (1, 4), (1, 6))	39	2
((1, 1), (1, 2), (1, 4), (1, 6), (1, 7))	59	2
((1, 1), (1, 2), (1, 5))	411	20
((1, 1), (1, 2), (1, 5), (1, 6))	85	4
((1, 1), (1, 2), (1, 5), (1, 6), (1, 7))	49	2
((1, 1), (1, 3))	13257	758
((1, 1), (1, 3), (1, 4))	10841	515
((1, 1), (1, 3), (1, 4), (1, 5))	3817	172
((1, 1), (1, 3), (1, 4), (1, 5), (1, 6))	1637	66
((1, 1), (1, 3), (1, 4), (1, 5), (1, 7))	17	1
((1, 1), (1, 3), (1, 4), (1, 6), (1, 7))	33	1
((1, 1), (1, 3), (1, 5), (1, 6))	35	2
((1, 1), (1, 4))	2071	114
((1, 1), (1, 4), (1, 5))	802	38
((1, 1), (1, 4), (1, 5), (1, 6))	120	5
((1, 1), (1, 4), (1, 5), (1, 6), (1, 7))	140	4
((1, 1), (1, 5))	141	8
((1, 1), (1, 5), (1, 6))	28	1
((1, 1), (1, 5), (1, 6), (1, 7))	11	1
((1, 1), (1, 7))	14	1
((1, 1), (2, 1))	40244	2277
((1, 1), (2, 1), (3, 1))	78057	3732
((1, 1), (2, 1), (3, 1), (4, 1))	40266	1791
((1, 1), (2, 1), (3, 1), (4, 1), (5, 1))	14495	575
((1, 1), (2, 1), (3, 1), (4, 1), (6, 1))	1697	62
((1, 1), (2, 1), (3, 1), (4, 1), (7, 1))	89	4
((1, 1), (2, 1), (3, 1), (5, 1))	14077	550
((1, 1), (2, 1), (3, 1), (5, 1), (6, 1))	4891	169
((1, 1), (2, 1), (3, 1), (6, 1))	355	13
((1, 1), (2, 1), (3, 1), (6, 1), (7, 1))	65	3
((1, 1), (2, 1), (3, 1), (7, 1))	49	2
((1, 1), (2, 1), (4, 1))	6130	298
((1, 1), (2, 1), (4, 1), (5, 1))	1627	82
((1, 1), (2, 1), (4, 1), (5, 1), (6, 1))	417	16
((1, 1), (2, 1), (5, 1))	713	35
((1, 1), (2, 1), (5, 1), (6, 1))	109	4
((1, 1), (2, 1), (5, 1), (6, 1), (7, 1))	15	1
((1, 1), (2, 1), (7, 1), (8, 1))	35	1
((1, 1), (2, 1), (8, 1))	13	1
((1, 1), (3, 1))	8072	502
((1, 1), (3, 1), (4, 1))	5155	254
((1, 1), (3, 1), (4, 1), (5, 1))	2168	100
((1, 1), (3, 1), (4, 1), (5, 1), (6, 1))	715	26
((1, 1), (3, 1), (4, 1), (6, 1))	12	1
((1, 1), (3, 1), (5, 1))	212	11
((1, 1), (3, 1), (5, 1), (6, 1))	49	2
((1, 1), (3, 1), (5, 1), (7, 1))	26	1
((1, 1), (4, 1))	1072	65
((1, 1), (4, 1), (5, 1))	491	23
((1, 1), (4, 1), (5, 1), (6, 1))	84	3
((1, 1), (4, 1), (5, 1), (6, 1), (7, 1))	85	4
((1, 1), (5, 1))	237	14
((1, 1), (5, 1), (6, 1))	139	5
((1, 1), (5, 1), (6, 1), (7, 1))	62	2
((1, 1), (6, 1))	28	1
((1, 2),)	8745	1074
((1, 2), (1, 3))	7872	568
((1, 2), (1, 3), (1, 4))	10273	571
((1, 2), (1, 3), (1, 4), (1, 5))	6012	323
((1, 2), (1, 3), (1, 4), (1, 5), (1, 6))	9441	390
((1, 2), (1, 3), (1, 4), (1, 5), (1, 7))	3860	166
((1, 2), (1, 3), (1, 4), (1, 5), (1, 8))	239	11
((1, 2), (1, 3), (1, 4), (1, 6))	285	12
((1, 2), (1, 3), (1, 4), (1, 6), (1, 7))	3829	137
((1, 2), (1, 3), (1, 4), (1, 6), (1, 8))	67	2
((1, 2), (1, 3), (1, 4), (1, 7))	364	15
((1, 2), (1, 3), (1, 4), (1, 7), (1, 8))	91	3
((1, 2), (1, 3), (1, 4), (1, 8))	60	2
((1, 2), (1, 3), (1, 5))	225	16
((1, 2), (1, 3), (1, 5), (1, 6))	112	4
((1, 2), (1, 3), (1, 5), (1, 6), (1, 7))	304	13
((1, 2), (1, 3), (1, 5), (1, 7))	28	1
((1, 2), (1, 3), (1, 6))	101	4
((1, 2), (1, 3), (1, 6), (1, 7))	133	7
((1, 2), (1, 3), (1, 6), (1, 7), (1, 8))	15	1
((1, 2), (1, 3), (1, 7))	9	1
((1, 2), (1, 4))	1636	113
((1, 2), (1, 4), (1, 5))	903	47
((1, 2), (1, 4), (1, 5), (1, 6))	61	4
((1, 2), (1, 4), (1, 5), (1, 6), (1, 7))	1648	64
((1, 2), (1, 4), (1, 7))	14	1
((1, 2), (1, 5))	94	10
((1, 2), (1, 5), (1, 6))	58	4
((1, 2), (1, 5), (1, 6), (1, 7))	39	2
((1, 2), (1, 6))	108	4
((1, 2), (1, 6), (1, 7))	56	1
((1, 2), (1, 8))	39	2
((1, 2), (2, 2))	35541	1912
((1, 2), (2, 2), (3, 2))	48481	2205
((1, 2), (2, 2), (3, 2), (4, 2))	18467	795
((1, 2), (2, 2), (3, 2), (4, 2), (5, 2))	11760	475
((1, 2), (2, 2), (3, 2), (4, 2), (6, 2))	2676	104
((1, 2), (2, 2), (3, 2), (4, 2), (7, 2))	40	2
((1, 2), (2, 2), (3, 2), (5, 2))	1669	65
((1, 2), (2, 2), (3, 2), (5, 2), (6, 2))	3191	125
((1, 2), (2, 2), (3, 2), (6, 2))	48	4
((1, 2), (2, 2), (3, 2), (6, 2), (7, 2))	118	4
((1, 2), (2, 2), (3, 2), (7, 2), (8, 2))	18	1
((1, 2), (2, 2), (3, 2), (8, 2))	16	1
((1, 2), (2, 2), (4, 2))	2546	123
((1, 2), (2, 2), (4, 2), (5, 2))	258	13
((1, 2), (2, 2), (4, 2), (5, 2), (6, 2))	384	14
((1, 2), (2, 2), (4, 2), (6, 2))	41	1
((1, 2), (2, 2), (5, 2))	264	10
((1, 2), (2, 2), (5, 2), (6, 2))	93	4
((1, 2), (2, 2), (5, 2), (6, 2), (7, 2))	28	1
((1, 2), (2, 2), (6, 2))	33	2
((1, 2), (2, 2), (7, 2))	30	1
((1, 2), (3, 2))	2122	157
((1, 2), (3, 2), (4, 2))	926	48
((1, 2), (3, 2), (4, 2), (5, 2))	13	1
((1, 2), (3, 2), (4, 2), (5, 2), (6, 2))	218	9
((1, 2), (3, 2), (5, 2))	24	1
((1, 2), (4, 2))	1562	86
((1, 2), (4, 2), (5, 2))	75	2
((1, 2), (5, 2))	87	5
((1, 2), (6, 2))	77	3
((1, 2), (6, 2), (7, 2))	21	1
((1, 3),)	17047	2304
((1, 3), (1, 4))	16840	1187
((1, 3), (1, 4), (1, 5))	17589	996
((1, 3), (1, 4), (1, 5), (1, 6))	5540	264
((1, 3), (1, 4), (1, 5), (1, 6), (1, 7))	10476	435
((1, 3), (1, 4), (1, 5), (1, 6), (1, 8))	3826	147
((1, 3), (1, 4), (1, 5), (1, 7))	7497	334
((1, 3), (1, 4), (1, 5), (1, 7), (1, 8))	5028	198
((1, 3), (1, 4), (1, 5), (1, 8))	223	11
((1, 3), (1, 4), (1, 6))	1321	59
((1, 3), (1, 4), (1, 6), (1, 7))	6836	284
((1, 3), (1, 4), (1, 6), (1, 7), (1, 8))	5161	190
((1, 3), (1, 4), (1, 6), (1, 8))	37	1
((1, 3), (1, 4), (1, 7))	999	52
((1, 3), (1, 4), (1, 7), (1, 8))	274	15
((1, 3), (1, 4), (1, 8))	151	8
((1, 3), (1, 5))	1610	125
((1, 3), (1, 5), (1, 6))	625	29
((1, 3), (1, 5), (1, 6), (1, 7))	1751	75
((1, 3), (1, 5), (1, 6), (1, 7), (1, 8))	553	22
((1, 3), (1, 5), (1, 7))	43	2
((1, 3), (1, 5), (1, 7), (1, 8))	14	1
((1, 3), (1, 6))	492	33
((1, 3), (1, 6), (1, 7))	381	19
((1, 3), (1, 6), (1, 7), (1, 8))	156	8
((1, 3), (1, 7))	483	20
((1, 3), (1, 7), (1, 8))	134	8
((1, 3), (1, 8))	89	5
((1, 3), (2, 3))	21392	1280
((1, 3), (2, 3), (3, 3))	34265	1672
((1, 3), (2, 3), (3, 3), (4, 3))	28735	1085
((1, 3), (2, 3), (3, 3), (4, 3), (5, 3))	28187	970
((1, 3), (2, 3), (3, 3), (4, 3), (6, 3))	680	22
((1, 3), (2, 3), (3, 3), (5, 3))	2702	107
((1, 3), (2, 3), (3, 3), (5, 3), (6, 3))	2621	90
((1, 3), (2, 3), (3, 3), (5, 3), (7, 3))	33	1
((1, 3), (2, 3), (3, 3), (7, 3))	32	1
((1, 3), (2, 3), (4, 3))	852	39
((1, 3), (2, 3), (4, 3), (5, 3))	81	3
((1, 3), (2, 3), (4, 3), (5, 3), (6, 3))	32	2
((1, 3), (2, 3), (4, 3), (6, 3))	32	1
((1, 3), (2, 3), (5, 3))	740	26
((1, 3), (2, 3), (5, 3), (6, 3))	38	2
((1, 3), (2, 3), (5, 3), (6, 3), (7, 3))	151	5
((1, 3), (2, 3), (6, 3))	53	3
((1, 3), (2, 3), (7, 3))	14	1
((1, 3), (3, 3))	10680	708
((1, 3), (3, 3), (4, 3))	713	38
((1, 3), (3, 3), (4, 3), (5, 3))	31	2
((1, 3), (3, 3), (5, 3))	96	6
((1, 3), (3, 3), (7, 3))	55	1
((1, 3), (4, 3))	227	14
((1, 3), (4, 3), (5, 3))	102	5
((1, 3), (4, 3), (5, 3), (6, 3))	40	2
((1, 3), (5, 3))	424	25
((1, 3), (6, 3))	39	3
((1, 3), (7, 3))	53	2
((1, 3), (8, 3))	23	2
((1, 4),)	15200	1959
((1, 4), (1, 5))	14531	1151
((1, 4), (1, 5), (1, 6))	10504	598
((1, 4), (1, 5), (1, 6), (1, 7))	22362	1047
((1, 4), (1, 5), (1, 6), (1, 7), (1, 8))	9908	403
((1, 4), (1, 5), (1, 6), (1, 8))	794	49
((1, 4), (1, 5), (1, 7))	13064	648
((1, 4), (1, 5), (1, 7), (1, 8))	7525	342
((1, 4), (1, 5), (1, 8))	510	30
((1, 4), (1, 6))	3320	177
((1, 4), (1, 6), (1, 7))	20572	912
((1, 4), (1, 6), (1, 7), (1, 8))	9752	407
((1, 4), (1, 6), (1, 8))	37	3
((1, 4), (1, 7))	2037	120
((1, 4), (1, 7), (1, 8))	1056	55
((1, 4), (1, 8))	456	31
((1, 4), (2, 4))	19493	1267
((1, 4), (2, 4), (3, 4))	7941	372
((1, 4), (2, 4), (3, 4), (5, 4))	464	19
((1, 4), (2, 4), (3, 4), (5, 4), (6, 4))	1680	66
((1, 4), (2, 4), (3, 4), (5, 4), (7, 4))	26	1
((1, 4), (2, 4), (3, 4), (6, 4))	179	8
((1, 4), (2, 4), (3, 4), (6, 4), (7, 4))	222	9
((1, 4), (2, 4), (3, 4), (7, 4))	58	2
((1, 4), (2, 4), (3, 4), (7, 4), (8, 4))	115	4
((1, 4), (2, 4), (3, 4), (8, 4))	43	2
((1, 4), (2, 4), (5, 4))	146	8
((1, 4), (2, 4), (5, 4), (6, 4), (7, 4))	75	3
((1, 4), (2, 4), (8, 4))	40	2
((1, 4), (3, 4))	405	22
((1, 4), (3, 4), (5, 4))	40	2
((1, 4), (3, 4), (5, 4), (6, 4))	19	1
((1, 4), (5, 4))	101	6
((1, 4), (5, 4), (6, 4))	12	1
((1, 4), (7, 4))	0	1
((1, 5),)	21848	2768
((1, 5), (1, 6))	10507	806
((1, 5), (1, 6), (1, 7))	42018	2108
((1, 5), (1, 6), (1, 7), (1, 8))	23168	1075
((1, 5), (1, 6), (1, 8))	3470	207
((1, 5), (1, 7))	23900	1244
((1, 5), (1, 7), (1, 8))	22835	1112
((1, 5), (1, 8))	2522	198
((1, 5), (2, 5))	19154	1148
((1, 5), (2, 5), (3, 5))	34624	1676
((1, 5), (2, 5), (3, 5), (4, 5))	57742	2197
((1, 5), (2, 5), (3, 5), (4, 5), (5, 5))	69483	2392
((1, 5), (2, 5), (3, 5), (4, 5), (6, 5))	987	36
((1, 5), (2, 5), (3, 5), (4, 5), (7, 5))	59	2
((1, 5), (2, 5), (3, 5), (5, 5))	1506	59
((1, 5), (2, 5), (3, 5), (5, 5), (6, 5))	376	14
((1, 5), (2, 5), (3, 5), (5, 5), (7, 5))	20	1
((1, 5), (2, 5), (3, 5), (6, 5))	112	4
((1, 5), (2, 5), (4, 5))	1319	64
((1, 5), (2, 5), (4, 5), (5, 5))	352	14
((1, 5), (2, 5), (4, 5), (5, 5), (6, 5))	57	3
((1, 5), (2, 5), (4, 5), (6, 5))	13	1
((1, 5), (2, 5), (5, 5))	772	27
((1, 5), (2, 5), (5, 5), (6, 5))	67	2
((1, 5), (2, 5), (6, 5))	142	8
((1, 5), (2, 5), (7, 5))	74	3
((1, 5), (3, 5))	7112	480
((1, 5), (3, 5), (4, 5))	805	40
((1, 5), (3, 5), (4, 5), (5, 5))	80	4
((1, 5), (3, 5), (4, 5), (6, 5))	23	1
((1, 5), (4, 5))	497	30
((1, 5), (4, 5), (5, 5))	71	3
((1, 5), (4, 5), (5, 5), (6, 5))	43	1
((1, 5), (5, 5))	588	28
((1, 5), (5, 5), (6, 5))	80	3
((1, 5), (6, 5))	30	2
((1, 5), (7, 5))	37	2
((1, 6),)	16512	1814
((1, 6), (1, 7))	39729	2196
((1, 6), (1, 7), (1, 8))	56702	2751
((1, 6), (1, 8))	9167	653
((1, 6), (2, 6))	52954	2657
((1, 6), (2, 6), (3, 6))	81945	3508
((1, 6), (2, 6), (3, 6), (4, 6))	41455	1695
((1, 6), (2, 6), (3, 6), (4, 6), (5, 6))	35858	1468
((1, 6), (2, 6), (3, 6), (4, 6), (6, 6))	6434	245
((1, 6), (2, 6), (3, 6), (4, 6), (7, 6))	38	2
((1, 6), (2, 6), (3, 6), (4, 6), (8, 6))	42	1
((1, 6), (2, 6), (3, 6), (5, 6))	666	27
((1, 6), (2, 6), (3, 6), (5, 6), (6, 6))	1132	46
((1, 6), (2, 6), (3, 6), (6, 6))	75	2
((1, 6), (2, 6), (3, 6), (6, 6), (7, 6))	44	2
((1, 6), (2, 6), (3, 6), (7, 6))	19	1
((1, 6), (2, 6), (4, 6))	3471	162
((1, 6), (2, 6), (4, 6), (5, 6))	695	30
((1, 6), (2, 6), (4, 6), (5, 6), (6, 6))	960	40
((1, 6), (2, 6), (4, 6), (6, 6))	89	3
((1, 6), (2, 6), (4, 6), (6, 6), (7, 6))	18	1
((1, 6), (2, 6), (5, 6))	240	11
((1, 6), (2, 6), (5, 6), (6, 6))	8	1
((1, 6), (2, 6), (5, 6), (6, 6), (7, 6))	29	1
((1, 6), (2, 6), (6, 6))	115	5
((1, 6), (2, 6), (7, 6))	49	2
((1, 6), (2, 6), (8, 6))	16	1
((1, 6), (3, 6))	2865	194
((1, 6), (3, 6), (4, 6))	1632	83
((1, 6), (3, 6), (4, 6), (5, 6))	89	4
((1, 6), (3, 6), (4, 6), (5, 6), (6, 6))	190	10
((1, 6), (4, 6))	2488	136
((1, 6), (4, 6), (5, 6))	319	15
((1, 6), (4, 6), (5, 6), (6, 6))	122	6
((1, 6), (4, 6), (5, 6), (6, 6), (7, 6))	90	3
((1, 6), (5, 6))	339	19
((1, 6), (5, 6), (6, 6))	255	9
((1, 6), (6, 6))	103	6
((1, 6), (6, 6), (7, 6))	36	2
((1, 6), (6, 6), (8, 6))	24	1
((1, 7),)	49878	4136
((1, 7), (1, 8))	61363	3361
((1, 7), (2, 7))	104395	5457
((1, 7), (2, 7), (3, 7))	166581	7752
((1, 7), (2, 7), (3, 7), (4, 7))	98594	4183
((1, 7), (2, 7), (3, 7), (4, 7), (5, 7))	37652	1488
((1, 7), (2, 7), (3, 7), (4, 7), (6, 7))	3394	120
((1, 7), (2, 7), (3, 7), (4, 7), (7, 7))	155	6
((1, 7), (2, 7), (3, 7), (4, 7), (8, 7))	34	1
((1, 7), (2, 7), (3, 7), (5, 7))	6739	272
((1, 7), (2, 7), (3, 7), (5, 7), (6, 7))	1603	61
((1, 7), (2, 7), (3, 7), (6, 7))	69	3
((1, 7), (2, 7), (3, 7), (6, 7), (7, 7))	27	1
((1, 7), (2, 7), (4, 7))	12483	624
((1, 7), (2, 7), (4, 7), (5, 7))	2304	102
((1, 7), (2, 7), (4, 7), (5, 7), (6, 7))	993	36
((1, 7), (2, 7), (4, 7), (5, 7), (7, 7))	31	2
((1, 7), (2, 7), (5, 7))	612	31
((1, 7), (2, 7), (5, 7), (6, 7))	88	3
((1, 7), (2, 7), (6, 7))	68	3
((1, 7), (2, 7), (7, 7))	58	3
((1, 7), (2, 7), (8, 7))	96	3
((1, 7), (3, 7))	16806	978
((1, 7), (3, 7), (4, 7))	9081	449
((1, 7), (3, 7), (4, 7), (5, 7))	2999	141
((1, 7), (3, 7), (4, 7), (5, 7), (6, 7))	1378	53
((1, 7), (3, 7), (4, 7), (5, 7), (7, 7))	16	1
((1, 7), (3, 7), (4, 7), (6, 7))	14	1
((1, 7), (3, 7), (5, 7))	99	7
((1, 7), (3, 7), (5, 7), (6, 7))	33	2
((1, 7), (4, 7))	3423	197
((1, 7), (4, 7), (5, 7))	1136	59
((1, 7), (4, 7), (5, 7), (6, 7))	287	16
((1, 7), (4, 7), (5, 7), (6, 7), (7, 7))	49	2
((1, 7), (5, 7))	554	32
((1, 7), (5, 7), (6, 7))	35	2
((1, 7), (5, 7), (6, 7), (7, 7))	85	4
((1, 7), (6, 7))	43	1
((1, 7), (6, 7), (7, 7))	12	1
((1, 7), (7, 7))	143	6
((1, 7), (8, 7))	89	4
((1, 8),)	19176	2320
((1, 8), (2, 8))	20131	1377
((1, 8), (2, 8), (3, 8))	18651	1159
((1, 8), (2, 8), (3, 8), (4, 8))	17861	933
((1, 8), (2, 8), (3, 8), (4, 8), (5, 8))	19793	904
((1, 8), (2, 8), (3, 8), (4, 8), (6, 8))	1870	77
((1, 8), (2, 8), (3, 8), (5, 8))	602	31
((1, 8), (2, 8), (3, 8), (5, 8), (6, 8))	943	46
((1, 8), (2, 8), (3, 8), (6, 8))	34	1
((1, 8), (2, 8), (4, 8))	2186	129
((1, 8), (2, 8), (4, 8), (5, 8))	473	27
((1, 8), (2, 8), (4, 8), (5, 8), (6, 8))	981	42
((1, 8), (2, 8), (5, 8))	182	8
((1, 8), (2, 8), (5, 8), (6, 8))	2	1
((1, 8), (2, 8), (6, 8))	42	3
((1, 8), (2, 8), (6, 8), (7, 8))	4	1
((1, 8), (2, 8), (6, 8), (7, 8), (8, 8))	20	1
((1, 8), (2, 8), (8, 8))	8	1
((1, 8), (3, 8))	1577	121
((1, 8), (3, 8), (4, 8))	1300	80
((1, 8), (3, 8), (4, 8), (5, 8))	225	13
((1, 8), (3, 8), (4, 8), (5, 8), (6, 8))	664	27
((1, 8), (4, 8))	339	25
((1, 8), (4, 8), (5, 8))	94	5
((1, 8), (5, 8))	138	11
((1, 8), (6, 8))	16	1
((2, 0),)	16352	1992
((2, 0), (2, 1))	18202	1130
((2, 0), (2, 1), (2, 2))	32794	1561
((2, 0), (2, 1), (2, 2), (2, 3))	13175	569
((2, 0), (2, 1), (2, 2), (2, 3), (2, 4))	8928	347
((2, 0), (2, 1), (2, 2), (2, 3), (2, 5))	492	20
((2, 0), (2, 1), (2, 2), (2, 3), (2, 6))	22	1
((2, 0), (2, 1), (2, 2), (2, 3), (2, 7))	24	1
((2, 0), (2, 1), (2, 2), (2, 4))	1980	86
((2, 0), (2, 1), (2, 2), (2, 4), (2, 5))	1822	68
((2, 0), (2, 1), (2, 2), (2, 5))	11	1
((2, 0), (2, 1), (2, 3))	2817	149
((2, 0), (2, 1), (2, 3), (2, 4))	605	30
((2, 0), (2, 1), (2, 3), (2, 4), (2, 5))	815	35
((2, 0), (2, 1), (2, 3), (2, 4), (2, 6))	28	1
((2, 0), (2, 1), (2, 3), (2, 5))	29	1
((2, 0), (2, 1), (2, 4))	408	23
((2, 0), (2, 1), (2, 4), (2, 5))	70	4
((2, 0), (2, 1), (2, 4), (2, 5), (2, 6))	78	3
((2, 0), (2, 2))	20853	1205
((2, 0), (2, 2), (2, 3))	4546	233
((2, 0), (2, 2), (2, 3), (2, 4))	1275	64
((2, 0), (2, 2), (2, 3), (2, 4), (2, 5))	1112	47
((2, 0), (2, 2), (2, 3), (2, 4), (2, 6))	15	1
((2, 0), (2, 2), (2, 4))	95	5
((2, 0), (2, 2), (2, 4), (2, 5), (2, 6))	20	1
((2, 0), (2, 3))	1552	105
((2, 0), (2, 3), (2, 4))	356	21
((2, 0), (2, 3), (2, 4), (2, 5))	8	1
((2, 0), (2, 3), (2, 4), (2, 5), (2, 6))	61	2
((2, 0), (2, 4))	376	31
((2, 0), (2, 4), (2, 5))	17	1
((2, 0), (2, 5))	22	2
((2, 0), (3, 0))	14030	968
((2, 0), (3, 0), (4, 0))	15766	900
((2, 0), (3, 0), (4, 0), (5, 0))	7822	431
((2, 0), (3, 0), (4, 0), (5, 0), (6, 0))	11407	522
((2, 0), (3, 0), (4, 0), (5, 0), (7, 0))	910	36
((2, 0), (3, 0), (4, 0), (5, 0), (8, 0))	67	3
((2, 0), (3, 0), (4, 0), (6, 0))	269	12
((2, 0), (3, 0), (4, 0), (6, 0), (7, 0))	331	13
((2, 0), (3, 0), (4, 0), (7, 0), (8, 0))	5	1
((2, 0), (3, 0), (5, 0))	2576	148
((2, 0), (3, 0), (5, 0), (6, 0))	554	29
((2, 0), (3, 0), (5, 0), (6, 0), (7, 0))	3214	126
((2, 0), (3, 0), (6, 0))	135	11
((2, 0), (3, 0), (6, 0), (7, 0))	26	1
((2, 0), (3, 0), (6, 0), (7, 0), (8, 0))	24	1
((2, 0), (3, 0), (8, 0))	20	1
((2, 0), (4, 0))	1208	85
((2, 0), (4, 0), (5, 0))	424	23
((2, 0), (4, 0), (5, 0), (6, 0))	140	10
((2, 0), (4, 0), (5, 0), (6, 0), (7, 0))	196	7
((2, 0), (4, 0), (6, 0))	17	1
((2, 0), (5, 0))	134	14
((2, 0), (5, 0), (6, 0))	44	3
((2, 0), (5, 0), (6, 0), (7, 0))	22	2
((2, 0), (5, 0), (6, 0), (7, 0), (8, 0))	40	2
((2, 0), (6, 0))	100	8
((2, 1),)	8314	1022
((2, 1), (2, 2))	28942	1600
((2, 1), (2, 2), (2, 3))	24362	1171
((2, 1), (2, 2), (2, 3), (2, 4))	8821	400
((2, 1), (2, 2), (2, 3), (2, 4), (2, 5))	8889	357
((2, 1), (2, 2), (2, 3), (2, 4), (2, 6))	5663	212
((2, 1), (2, 2), (2, 3), (2, 4), (2, 7))	195	7
((2, 1), (2, 2), (2, 3), (2, 4), (2, 8))	52	2
((2, 1), (2, 2), (2, 3), (2, 5))	95	5
((2, 1), (2, 2), (2, 3), (2, 5), (2, 6))	365	16
((2, 1), (2, 2), (2, 3), (2, 6))	56	3
((2, 1), (2, 2), (2, 3), (2, 7))	62	3
((2, 1), (2, 2), (2, 4))	3953	185
((2, 1), (2, 2), (2, 4), (2, 5))	773	31
((2, 1), (2, 2), (2, 4), (2, 5), (2, 6))	2305	86
((2, 1), (2, 2), (2, 4), (2, 6))	34	1
((2, 1), (2, 2), (2, 5))	107	6
((2, 1), (2, 2), (2, 5), (2, 6), (2, 7))	24	1
((2, 1), (2, 2), (2, 6))	28	2
((2, 1), (2, 2), (2, 7))	30	1
((2, 1), (2, 3))	2925	169
((2, 1), (2, 3), (2, 4))	1647	82
((2, 1), (2, 3), (2, 4), (2, 5))	326	14
((2, 1), (2, 3), (2, 4), (2, 5), (2, 6))	1021	39
((2, 1), (2, 3), (2, 5))	20	1
((2, 1), (2, 4))	1586	96
((2, 1), (2, 4), (2, 5))	319	16
((2, 1), (2, 4), (2, 5), (2, 6))	97	5
((2, 1), (2, 4), (2, 5), (2, 6), (2, 7))	126	5
((2, 1), (2, 4), (2, 6))	26	1
((2, 1), (2, 5))	74	4
((2, 1), (2, 5), (2, 6))	56	2
((2, 1), (2, 5), (2, 6), (2, 7))	16	1
((2, 1), (2, 6), (2, 7))	21	1
((2, 1), (2, 7))	32	1
((2, 1), (3, 1))	11398	746
((2, 1), (3, 1), (4, 1))	12563	664
((2, 1), (3, 1), (4, 1), (5, 1))	7283	369
((2, 1), (3, 1), (4, 1), (5, 1), (6, 1))	10817	444
((2, 1), (3, 1), (4, 1), (5, 1), (7, 1))	2985	116
((2, 1), (3, 1), (4, 1), (5, 1), (8, 1))	185	7
((2, 1), (3, 1), (4, 1), (6, 1))	57	3
((2, 1), (3, 1), (4, 1), (6, 1), (7, 1))	1308	48
((2, 1), (3, 1), (4, 1), (7, 1))	139	6
((2, 1), (3, 1), (5, 1))	2294	117
((2, 1), (3, 1), (5, 1), (6, 1))	479	18
((2, 1), (3, 1), (5, 1), (6, 1), (7, 1))	6128	218
((2, 1), (3, 1), (5, 1), (7, 1))	163	7
((2, 1), (3, 1), (5, 1), (7, 1), (8, 1))	72	2
((2, 1), (3, 1), (6, 1))	117	6
((2, 1), (3, 1), (6, 1), (7, 1))	292	12
((2, 1), (3, 1), (6, 1), (7, 1), (8, 1))	108	5
((2, 1), (3, 1), (7, 1))	113	5
((2, 1), (4, 1))	1515	106
((2, 1), (4, 1), (5, 1))	437	26
((2, 1), (4, 1), (5, 1), (6, 1))	224	10
((2, 1), (4, 1), (5, 1), (6, 1), (7, 1))	383	17
((2, 1), (5, 1))	341	22
((2, 1), (5, 1), (6, 1))	24	3
((2, 1), (5, 1), (6, 1), (7, 1))	79	3
((2, 1), (5, 1), (6, 1), (7, 1), (8, 1))	53	2
((2, 1), (6, 1))	50	1
((2, 1), (6, 1), (7, 1))	55	3
((2, 1), (7, 1))	55	2
((2, 2),)	41260	3127
((2, 2), (2, 3))	39971	2178
((2, 2), (2, 3), (2, 4))	49551	2475
((2, 2), (2, 3), (2, 4), (2, 5))	17300	829
((2, 2), (2, 3), (2, 4), (2, 5), (2, 6))	9911	417
((2, 2), (2, 3), (2, 4), (2, 5), (2, 7))	3147	121
((2, 2), (2, 3), (2, 4), (2, 5), (2, 8))	237	12
((2, 2), (2, 3), (2, 4), (2, 6))	8959	382
((2, 2), (2, 3), (2, 4), (2, 6), (2, 7))	6294	241
((2, 2), (2, 3), (2, 4), (2, 6), (2, 8))	75	2
((2, 2), (2, 3), (2, 4), (2, 7))	361	19
((2, 2), (2, 3), (2, 4), (2, 7), (2, 8))	268	10
((2, 2), (2, 3), (2, 4), (2, 8))	146	5
((2, 2), (2, 3), (2, 5))	1667	93
((2, 2), (2, 3), (2, 5), (2, 6))	764	35
((2, 2), (2, 3), (2, 5), (2, 6), (2, 7))	372	16
((2, 2), (2, 3), (2, 6))	380	19
((2, 2), (2, 3), (2, 6), (2, 7))	43	2
((2, 2), (2, 3), (2, 6), (2, 7), (2, 8))	50	2
((2, 2), (2, 3), (2, 7))	157	6
((2, 2), (2, 3), (2, 7), (2, 8))	33	1
((2, 2), (2, 3), (2, 8))	12	1
((2, 2), (2, 4))	17708	901
((2, 2), (2, 4), (2, 5))	7004	306
((2, 2), (2, 4), (2, 5), (2, 6))	3532	153
((2, 2), (2, 4), (2, 5), (2, 6), (2, 7))	3294	126
((2, 2), (2, 4), (2, 5), (2, 6), (2, 8))	47	2
((2, 2), (2, 4), (2, 6))	437	19
((2, 2), (2, 4), (2, 6), (2, 7))	47	2
((2, 2), (2, 4), (2, 6), (2, 7), (2, 8))	21	1
((2, 2), (2, 5))	334	20
((2, 2), (2, 5), (2, 6))	205	9
((2, 2), (2, 6))	34	2
((2, 2), (2, 7))	15	1
((2, 2), (3, 2))	116388	5893
((2, 2), (3, 2), (4, 2))	106262	5004
((2, 2), (3, 2), (4, 2), (5, 2))	25556	1177
((2, 2), (3, 2), (4, 2), (5, 2), (6, 2))	11994	498
((2, 2), (3, 2), (4, 2), (5, 2), (7, 2))	2928	117
((2, 2), (3, 2), (4, 2), (5, 2), (8, 2))	161	7
((2, 2), (3, 2), (4, 2), (6, 2))	6334	268
((2, 2), (3, 2), (4, 2), (6, 2), (7, 2))	2538	96
((2, 2), (3, 2), (4, 2), (6, 2), (8, 2))	129	5
((2, 2), (3, 2), (4, 2), (7, 2))	199	10
((2, 2), (3, 2), (4, 2), (7, 2), (8, 2))	160	7
((2, 2), (3, 2), (4, 2), (8, 2))	74	3
((2, 2), (3, 2), (5, 2))	15343	671
((2, 2), (3, 2), (5, 2), (6, 2))	6336	278
((2, 2), (3, 2), (5, 2), (6, 2), (7, 2))	4299	163
((2, 2), (3, 2), (5, 2), (7, 2), (8, 2))	42	2
((2, 2), (3, 2), (6, 2))	469	24
((2, 2), (3, 2), (6, 2), (7, 2))	44	3
((2, 2), (3, 2), (6, 2), (7, 2), (8, 2))	26	1
((2, 2), (3, 2), (7, 2))	82	4
((2, 2), (3, 2), (7, 2), (8, 2))	50	3
((2, 2), (3, 2), (8, 2))	60	3
((2, 2), (4, 2))	8191	441
((2, 2), (4, 2), (5, 2))	1026	46
((2, 2), (4, 2), (5, 2), (6, 2))	558	25
((2, 2), (4, 2), (5, 2), (6, 2), (7, 2))	329	13
((2, 2), (4, 2), (5, 2), (6, 2), (8, 2))	16	1
((2, 2), (4, 2), (6, 2), (7, 2))	17	1
((2, 2), (5, 2))	1921	106
((2, 2), (5, 2), (6, 2))	846	38
((2, 2), (5, 2), (6, 2), (7, 2))	87	4
((2, 2), (5, 2), (6, 2), (7, 2), (8, 2))	81	3
((2, 2), (6, 2))	296	19
((2, 2), (6, 2), (7, 2), (8, 2))	22	1
((2, 2), (7, 2))	28	1
((2, 3),)	13291	1487
((2, 3), (2, 4))	17493	1281
((2, 3), (2, 4), (2, 5))	13229	751
((2, 3), (2, 4), (2, 5), (2, 6))	12142	573
((2, 3), (2, 4), (2, 5), (2, 6), (2, 7))	7630	317
((2, 3), (2, 4), (2, 5), (2, 6), (2, 8))	2184	103
((2, 3), (2, 4), (2, 5), (2, 7))	906	45
((2, 3), (2, 4), (2, 5), (2, 7), (2, 8))	2252	94
((2, 3), (2, 4), (2, 5), (2, 8))	100	6
((2, 3), (2, 4), (2, 6))	9517	441
((2, 3), (2, 4), (2, 6), (2, 7))	2339	97
((2, 3), (2, 4), (2, 6), (2, 7), (2, 8))	4679	184
((2, 3), (2, 4), (2, 6), (2, 8))	60	3
((2, 3), (2, 4), (2, 7))	386	23
((2, 3), (2, 4), (2, 7), (2, 8))	33	2
((2, 3), (2, 4), (2, 8))	249	13
((2, 3), (2, 5))	555	33
((2, 3), (2, 5), (2, 6))	1405	69
((2, 3), (2, 5), (2, 6), (2, 7))	545	24
((2, 3), (2, 5), (2, 6), (2, 7), (2, 8))	565	22
((2, 3), (2, 5), (2, 8))	18	1
((2, 3), (2, 6))	399	24
((2, 3), (2, 6), (2, 7))	136	7
((2, 3), (2, 7))	72	5
((2, 3), (2, 7), (2, 8))	79	6
((2, 3), (2, 8))	56	5
((2, 3), (3, 3))	29950	1821
((2, 3), (3, 3), (4, 3))	44008	1991
((2, 3), (3, 3), (4, 3), (5, 3))	32845	1277
((2, 3), (3, 3), (4, 3), (5, 3), (6, 3))	8594	314
((2, 3), (3, 3), (4, 3), (5, 3), (7, 3))	346	15
((2, 3), (3, 3), (4, 3), (6, 3))	876	36
((2, 3), (3, 3), (4, 3), (6, 3), (7, 3))	221	8
((2, 3), (3, 3), (4, 3), (6, 3), (8, 3))	26	1
((2, 3), (3, 3), (4, 3), (7, 3))	46	2
((2, 3), (3, 3), (5, 3))	7320	327
((2, 3), (3, 3), (5, 3), (6, 3))	882	36
((2, 3), (3, 3), (5, 3), (6, 3), (7, 3))	2990	113
((2, 3), (3, 3), (5, 3), (6, 3), (8, 3))	36	1
((2, 3), (3, 3), (5, 3), (7, 3))	47	2
((2, 3), (3, 3), (6, 3))	422	19
((2, 3), (3, 3), (6, 3), (7, 3))	14	1
((2, 3), (3, 3), (7, 3))	113	4
((2, 3), (3, 3), (7, 3), (8, 3))	58	1
((2, 3), (3, 3), (8, 3))	18	1
((2, 3), (4, 3))	2128	106
((2, 3), (4, 3), (5, 3))	818	39
((2, 3), (4, 3), (5, 3), (6, 3))	163	8
((2, 3), (4, 3), (5, 3), (6, 3), (7, 3))	43	2
((2, 3), (4, 3), (5, 3), (7, 3), (8, 3))	28	1
((2, 3), (4, 3), (6, 3))	65	2
((2, 3), (5, 3))	1627	82
((2, 3), (5, 3), (6, 3))	367	18
((2, 3), (5, 3), (6, 3), (7, 3))	22	1
((2, 3), (5, 3), (6, 3), (7, 3), (8, 3))	125	4
((2, 3), (5, 3), (7, 3))	8	1
((2, 3), (6, 3))	377	19
((2, 3), (6, 3), (7, 3))	76	4
((2, 3), (7, 3))	117	4
((2, 3), (7, 3), (8, 3))	22	1
((2, 4),)	27998	3017
((2, 4), (2, 5))	16499	1131
((2, 4), (2, 5), (2, 6))	37289	1849
((2, 4), (2, 5), (2, 6), (2, 7))	12967	561
((2, 4), (2, 5), (2, 6), (2, 7), (2, 8))	8211	329
((2, 4), (2, 5), (2, 6), (2, 8))	1805	91
((2, 4), (2, 5), (2, 7))	3765	188
((2, 4), (2, 5), (2, 7), (2, 8))	1256	59
((2, 4), (2, 5), (2, 8))	940	60
((2, 4), (2, 6))	31730	1478
((2, 4), (2, 6), (2, 7))	13430	564
((2, 4), (2, 6), (2, 7), (2, 8))	3847	165
((2, 4), (2, 6), (2, 8))	308	16
((2, 4), (2, 7))	2079	130
((2, 4), (2, 7), (2, 8))	843	41
((2, 4), (2, 8))	1577	113
((2, 4), (3, 4))	23964	1162
((2, 4), (3, 4), (5, 4))	1590	71
((2, 4), (3, 4), (5, 4), (6, 4))	443	19
((2, 4), (3, 4), (5, 4), (6, 4), (7, 4))	2428	91
((2, 4), (3, 4), (5, 4), (6, 4), (8, 4))	31	1
((2, 4), (3, 4), (5, 4), (7, 4))	31	2
((2, 4), (3, 4), (6, 4))	786	33
((2, 4), (3, 4), (6, 4), (7, 4))	198	9
((2, 4), (3, 4), (6, 4), (7, 4), (8, 4))	156	7
((2, 4), (3, 4), (7, 4))	559	26
((2, 4), (3, 4), (7, 4), (8, 4))	126	5
((2, 4), (3, 4), (8, 4))	535	26
((2, 4), (5, 4))	1036	52
((2, 4), (5, 4), (6, 4))	206	9
((2, 4), (5, 4), (6, 4), (7, 4))	120	6
((2, 4), (5, 4), (6, 4), (7, 4), (8, 4))	93	4
((2, 4), (6, 4))	222	10
((2, 4), (6, 4), (7, 4))	34	3
((2, 4), (7, 4))	174	9
((2, 4), (8, 4))	116	5
((2, 5),)	15957	1586
((2, 5), (2, 6))	33431	1772
((2, 5), (2, 6), (2, 7))	32578	1448
((2, 5), (2, 6), (2, 7), (2, 8))	15961	677
((2, 5), (2, 6), (2, 8))	4202	238
((2, 5), (2, 7))	4817	264
((2, 5), (2, 7), (2, 8))	3742	185
((2, 5), (2, 8))	2742	197
((2, 5), (3, 5))	29923	1735
((2, 5), (3, 5), (4, 5))	78311	3306
((2, 5), (3, 5), (4, 5), (5, 5))	54875	2114
((2, 5), (3, 5), (4, 5), (5, 5), (6, 5))	16743	626
((2, 5), (3, 5), (4, 5), (5, 5), (7, 5))	519	24
((2, 5), (3, 5), (4, 5), (5, 5), (8, 5))	57	3
((2, 5), (3, 5), (4, 5), (6, 5))	1519	66
((2, 5), (3, 5), (4, 5), (6, 5), (7, 5))	563	22
((2, 5), (3, 5), (4, 5), (6, 5), (8, 5))	48	2
((2, 5), (3, 5), (4, 5), (7, 5))	364	13
((2, 5), (3, 5), (4, 5), (7, 5), (8, 5))	51	2
((2, 5), (3, 5), (4, 5), (8, 5))	37	1
((2, 5), (3, 5), (5, 5))	3780	158
((2, 5), (3, 5), (5, 5), (6, 5))	549	23
((2, 5), (3, 5), (5, 5), (6, 5), (7, 5))	159	6
((2, 5), (3, 5), (6, 5))	243	13
((2, 5), (3, 5), (6, 5), (7, 5))	12	1
((2, 5), (3, 5), (6, 5), (7, 5), (8, 5))	53	2
((2, 5), (3, 5), (7, 5))	79	5
((2, 5), (3, 5), (8, 5))	33	2
((2, 5), (4, 5))	2617	136
((2, 5), (4, 5), (5, 5))	1469	62
((2, 5), (4, 5), (5, 5), (6, 5))	47	2
((2, 5), (4, 5), (5, 5), (6, 5), (7, 5))	118	4
((2, 5), (4, 5), (6, 5))	26	1
((2, 5), (4, 5), (6, 5), (7, 5))	75	2
((2, 5), (4, 5), (6, 5), (7, 5), (8, 5))	40	1
((2, 5), (5, 5))	1052	58
((2, 5), (5, 5), (6, 5))	137	7
((2, 5), (5, 5), (7, 5))	10	1
((2, 5), (6, 5))	490	22
((2, 5), (6, 5), (7, 5))	73	4
((2, 5), (6, 5), (7, 5), (8, 5))	26	1
((2, 5), (7, 5))	57	3
((2, 5), (7, 5), (8, 5))	27	1
((2, 5), (8, 5))	28	1
((2, 6),)	61320	4267
((2, 6), (2, 7))	47643	2371
((2, 6), (2, 7), (2, 8))	55619	2486
((2, 6), (2, 8))	35553	1971
((2, 6), (3, 6))	176009	8344
((2, 6), (3, 6), (4, 6))	229830	10208
((2, 6), (3, 6), (4, 6), (5, 6))	73131	3203
((2, 6), (3, 6), (4, 6), (5, 6), (6, 6))	25513	1068
((2, 6), (3, 6), (4, 6), (5, 6), (7, 6))	3420	138
((2, 6), (3, 6), (4, 6), (5, 6), (8, 6))	232	9
((2, 6), (3, 6), (4, 6), (6, 6))	10266	418
((2, 6), (3, 6), (4, 6), (6, 6), (7, 6))	5724	221
((2, 6), (3, 6), (4, 6), (6, 6), (8, 6))	13	1
((2, 6), (3, 6), (4, 6), (7, 6))	168	9
((2, 6), (3, 6), (4, 6), (7, 6), (8, 6))	177	7
((2, 6), (3, 6), (4, 6), (8, 6))	105	6
((2, 6), (3, 6), (5, 6))	7279	325
((2, 6), (3, 6), (5, 6), (6, 6))	1882	81
((2, 6), (3, 6), (5, 6), (6, 6), (7, 6))	1429	56
((2, 6), (3, 6), (5, 6), (7, 6))	8	1
((2, 6), (3, 6), (6, 6))	537	26
((2, 6), (3, 6), (6, 6), (7, 6))	154	7
((2, 6), (3, 6), (6, 6), (7, 6), (8, 6))	16	1
((2, 6), (3, 6), (6, 6), (8, 6))	44	2
((2, 6), (3, 6), (7, 6))	223	11
((2, 6), (3, 6), (7, 6), (8, 6))	45	3
((2, 6), (3, 6), (8, 6))	27	1
((2, 6), (4, 6))	16857	858
((2, 6), (4, 6), (5, 6))	4396	187
((2, 6), (4, 6), (5, 6), (6, 6))	1524	65
((2, 6), (4, 6), (5, 6), (6, 6), (7, 6))	1178	46
((2, 6), (4, 6), (5, 6), (7, 6))	43	2
((2, 6), (4, 6), (6, 6))	245	9
((2, 6), (4, 6), (6, 6), (7, 6))	43	2
((2, 6), (5, 6))	1281	64
((2, 6), (5, 6), (6, 6))	304	13
((2, 6), (5, 6), (6, 6), (7, 6))	85	3
((2, 6), (5, 6), (6, 6), (7, 6), (8, 6))	12	1
((2, 6), (6, 6))	388	21
((2, 6), (6, 6), (7, 6))	98	5
((2, 6), (7, 6))	71	3
((2, 6), (7, 6), (8, 6))	5	1
((2, 7),)	19242	1832
((2, 7), (2, 8))	40690	2260
((2, 7), (3, 7))	27268	1558
((2, 7), (3, 7), (4, 7))	25922	1287
((2, 7), (3, 7), (4, 7), (5, 7))	11711	561
((2, 7), (3, 7), (4, 7), (5, 7), (6, 7))	25019	1030
((2, 7), (3, 7), (4, 7), (5, 7), (7, 7))	5842	234
((2, 7), (3, 7), (4, 7), (5, 7), (8, 7))	506	22
((2, 7), (3, 7), (4, 7), (6, 7))	271	12
((2, 7), (3, 7), (4, 7), (6, 7), (7, 7))	2942	112
((2, 7), (3, 7), (4, 7), (6, 7), (8, 7))	42	2
((2, 7), (3, 7), (4, 7), (7, 7))	286	11
((2, 7), (3, 7), (4, 7), (7, 7), (8, 7))	76	3
((2, 7), (3, 7), (5, 7))	1618	90
((2, 7), (3, 7), (5, 7), (6, 7))	363	18
((2, 7), (3, 7), (5, 7), (6, 7), (7, 7))	1930	74
((2, 7), (3, 7), (5, 7), (6, 7), (8, 7))	27	1
((2, 7), (3, 7), (6, 7))	94	6
((2, 7), (3, 7), (6, 7), (7, 7))	56	2
((2, 7), (3, 7), (6, 7), (7, 7), (8, 7))	168	7
((2, 7), (3, 7), (7, 7))	71	3
((2, 7), (3, 7), (8, 7))	18	1
((2, 7), (4, 7))	2358	143
((2, 7), (4, 7), (5, 7))	449	26
((2, 7), (4, 7), (5, 7), (6, 7))	163	7
((2, 7), (4, 7), (5, 7), (6, 7), (7, 7))	1381	50
((2, 7), (4, 7), (5, 7), (7, 7), (8, 7))	26	1
((2, 7), (5, 7))	359	26
((2, 7), (5, 7), (6, 7))	79	4
((2, 7), (5, 7), (6, 7), (7, 7))	132	5
((2, 7), (6, 7))	46	2
((2, 7), (6, 7), (7, 7))	15	1
((2, 7), (6, 7), (7, 7), (8, 7))	51	2
((2, 7), (7, 7))	39	1
((2, 8),)	40098	4287
((2, 8), (3, 8))	23116	1751
((2, 8), (3, 8), (4, 8))	44687	2600
((2, 8), (3, 8), (4, 8), (5, 8))	22300	1196
((2, 8), (3, 8), (4, 8), (5, 8), (6, 8))	28100	1297
((2, 8), (3, 8), (4, 8), (5, 8), (7, 8))	2201	86
((2, 8), (3, 8), (4, 8), (5, 8), (8, 8))	174	8
((2, 8), (3, 8), (4, 8), (6, 8))	684	32
((2, 8), (3, 8), (4, 8), (6, 8), (7, 8))	905	35
((2, 8), (3, 8), (4, 8), (6, 8), (8, 8))	11	1
((2, 8), (3, 8), (4, 8), (7, 8), (8, 8))	18	1
((2, 8), (3, 8), (5, 8))	1564	105
((2, 8), (3, 8), (5, 8), (6, 8))	523	28
((2, 8), (3, 8), (5, 8), (6, 8), (7, 8))	770	35
((2, 8), (3, 8), (6, 8))	286	19
((2, 8), (3, 8), (6, 8), (7, 8))	81	4
((2, 8), (3, 8), (6, 8), (7, 8), (8, 8))	39	2
((2, 8), (3, 8), (7, 8))	50	2
((2, 8), (3, 8), (7, 8), (8, 8))	14	1
((2, 8), (3, 8), (8, 8))	103	4
((2, 8), (4, 8))	4089	297
((2, 8), (4, 8), (5, 8))	1977	115
((2, 8), (4, 8), (5, 8), (6, 8))	523	24
((2, 8), (4, 8), (5, 8), (6, 8), (7, 8))	1188	47
((2, 8), (4, 8), (5, 8), (6, 8), (8, 8))	22	1
((2, 8), (4, 8), (6, 8))	40	1
((2, 8), (4, 8), (6, 8), (7, 8))	8	1
((2, 8), (5, 8))	502	45
((2, 8), (5, 8), (6, 8))	149	9
((2, 8), (5, 8), (7, 8), (8, 8))	11	1
((2, 8), (6, 8))	346	26
((2, 8), (6, 8), (7, 8))	46	3
((2, 8), (7, 8))	57	3
((2, 8), (8, 8))	64	3
((3, 0),)	10203	1303
((3, 0), (3, 1))	15765	1100
((3, 0), (3, 1), (3, 2))	22297	1127
((3, 0), (3, 1), (3, 2), (3, 3))	15179	717
((3, 0), (3, 1), (3, 2), (3, 3), (3, 4))	8966	339
((3, 0), (3, 1), (3, 2), (3, 3), (3, 5))	483	19
((3, 0), (3, 1), (3, 2), (3, 4))	447	16
((3, 0), (3, 1), (3, 2), (3, 4), (3, 5))	46	2
((3, 0), (3, 1), (3, 2), (3, 5))	18	1
((3, 0), (3, 1), (3, 2), (3, 5), (3, 6))	54	2
((3, 0), (3, 1), (3, 3))	6237	333
((3, 0), (3, 1), (3, 3), (3, 4))	76	4
((3, 0), (3, 1), (3, 3), (3, 4), (3, 5))	24	1
((3, 0), (3, 1), (3, 4))	223	10
((3, 0), (3, 1), (3, 4), (3, 5))	14	1
((3, 0), (3, 1), (3, 4), (3, 5), (3, 6))	15	1
((3, 0), (3, 2))	2670	191
((3, 0), (3, 2), (3, 3))	2609	147
((3, 0), (3, 2), (3, 3), (3, 4))	18	1
((3, 0), (3, 3))	1284	100
((3, 0), (3, 3), (3, 4))	3	1
((3, 0), (3, 4))	47	5
((3, 0), (3, 4), (3, 5))	22	1
((3, 0), (3, 5))	15	1
((3, 0), (3, 5), (3, 6), (3, 7))	16	1
((3, 0), (3, 6))	14	1
((3, 0), (3, 7))	21	1
((3, 0), (4, 0))	13381	998
((3, 0), (4, 0), (5, 0))	16686	1037
((3, 0), (4, 0), (5, 0), (6, 0))	6762	384
((3, 0), (4, 0), (5, 0), (6, 0), (7, 0))	10839	511
((3, 0), (4, 0), (5, 0), (6, 0), (8, 0))	5593	258
((3, 0), (4, 0), (5, 0), (7, 0))	276	15
((3, 0), (4, 0), (5, 0), (7, 0), (8, 0))	1476	66
((3, 0), (4, 0), (5, 0), (8, 0))	170	10
((3, 0), (4, 0), (6, 0))	951	55
((3, 0), (4, 0), (6, 0), (7, 0))	96	5
((3, 0), (4, 0), (6, 0), (7, 0), (8, 0))	984	42
((3, 0), (4, 0), (6, 0), (8, 0))	6	1
((3, 0), (4, 0), (7, 0))	58	2
((3, 0), (4, 0), (7, 0), (8, 0))	58	3
((3, 0), (4, 0), (8, 0))	18	2
((3, 0), (5, 0))	1926	134
((3, 0), (5, 0), (6, 0))	938	50
((3, 0), (5, 0), (6, 0), (7, 0))	301	15
((3, 0), (5, 0), (6, 0), (7, 0), (8, 0))	2801	123
((3, 0), (5, 0), (6, 0), (8, 0))	43	3
((3, 0), (5, 0), (7, 0))	24	1
((3, 0), (5, 0), (7, 0), (8, 0))	30	3
((3, 0), (6, 0))	217	19
((3, 0), (6, 0), (7, 0))	81	5
((3, 0), (6, 0), (7, 0), (8, 0))	135	6
((3, 0), (7, 0))	16	1
((3, 0), (8, 0))	170	10
((3, 1),)	36969	3836
((3, 1), (3, 2))	36295	1913
((3, 1), (3, 2), (3, 3))	50770	2278
((3, 1), (3, 2), (3, 3), (3, 4))	11922	446
((3, 1), (3, 2), (3, 3), (3, 4), (3, 5))	8296	295
((3, 1), (3, 2), (3, 3), (3, 4), (3, 6))	183	6
((3, 1), (3, 2), (3, 3), (3, 4), (3, 7))	67	2
((3, 1), (3, 2), (3, 3), (3, 5))	407	15
((3, 1), (3, 2), (3, 3), (3, 5), (3, 6))	206	8
((3, 1), (3, 2), (3, 4))	1168	56
((3, 1), (3, 2), (3, 4), (3, 5))	287	13
((3, 1), (3, 2), (3, 4), (3, 5), (3, 6))	21	1
((3, 1), (3, 2), (3, 5))	161	6
((3, 1), (3, 3))	19248	1145
((3, 1), (3, 3), (3, 4))	614	30
((3, 1), (3, 3), (3, 4), (3, 5))	236	11
((3, 1), (3, 3), (3, 4), (3, 5), (3, 6))	40	2
((3, 1), (3, 3), (3, 5))	156	6
((3, 1), (3, 4))	902	47
((3, 1), (3, 4), (3, 5))	328	17
((3, 1), (3, 4), (3, 5), (3, 6))	113	4
((3, 1), (3, 4), (3, 5), (3, 6), (3, 7))	28	1
((3, 1), (3, 4), (3, 6))	17	1
((3, 1), (3, 5))	144	7
((3, 1), (3, 6))	28	1
((3, 1), (4, 1))	18882	1211
((3, 1), (4, 1), (5, 1))	25957	1417
((3, 1), (4, 1), (5, 1), (6, 1))	6934	331
((3, 1), (4, 1), (5, 1), (6, 1), (7, 1))	11465	482
((3, 1), (4, 1), (5, 1), (6, 1), (8, 1))	7745	299
((3, 1), (4, 1), (5, 1), (7, 1))	5544	226
((3, 1), (4, 1), (5, 1), (7, 1), (8, 1))	3764	149
((3, 1), (4, 1), (5, 1), (8, 1))	93	5
((3, 1), (4, 1), (6, 1))	594	27
((3, 1), (4, 1), (6, 1), (7, 1))	2483	97
((3, 1), (4, 1), (6, 1), (7, 1), (8, 1))	1742	69
((3, 1), (4, 1), (7, 1))	445	20
((3, 1), (4, 1), (7, 1), (8, 1))	136	7
((3, 1), (4, 1), (8, 1))	50	3
((3, 1), (5, 1))	12045	681
((3, 1), (5, 1), (6, 1))	5011	212
((3, 1), (5, 1), (6, 1), (7, 1))	17122	690
((3, 1), (5, 1), (6, 1), (7, 1), (8, 1))	11071	422
((3, 1), (5, 1), (6, 1), (8, 1))	34	1
((3, 1), (5, 1), (7, 1))	548	26
((3, 1), (5, 1), (7, 1), (8, 1))	38	3
((3, 1), (5, 1), (8, 1))	30	1
((3, 1), (6, 1))	706	36
((3, 1), (6, 1), (7, 1))	1454	65
((3, 1), (6, 1), (7, 1), (8, 1))	488	18
((3, 1), (7, 1))	556	32
((3, 1), (7, 1), (8, 1))	51	4
((3, 1), (8, 1))	140	7
((3, 2),)	16801	1783
((3, 2), (3, 3))	35718	1956
((3, 2), (3, 3), (3, 4))	19636	844
((3, 2), (3, 3), (3, 4), (3, 5))	12871	522
((3, 2), (3, 3), (3, 4), (3, 5), (3, 6))	8166	300
((3, 2), (3, 3), (3, 4), (3, 5), (3, 7))	67	3
((3, 2), (3, 3), (3, 4), (3, 6))	308	14
((3, 2), (3, 3), (3, 4), (3, 6), (3, 7))	183	7
((3, 2), (3, 3), (3, 4), (3, 7))	34	1
((3, 2), (3, 3), (3, 4), (3, 7), (3, 8))	36	1
((3, 2), (3, 3), (3, 4), (3, 8))	26	1
((3, 2), (3, 3), (3, 5))	779	37
((3, 2), (3, 3), (3, 5), (3, 6))	262	11
((3, 2), (3, 3), (3, 5), (3, 6), (3, 7))	251	9
((3, 2), (3, 3), (3, 5), (3, 7))	16	1
((3, 2), (3, 3), (3, 6))	56	3
((3, 2), (3, 3), (3, 6), (3, 7), (3, 8))	16	1
((3, 2), (3, 3), (3, 7))	74	4
((3, 2), (3, 4))	2152	104
((3, 2), (3, 4), (3, 5))	1277	55
((3, 2), (3, 4), (3, 5), (3, 6))	435	19
((3, 2), (3, 4), (3, 5), (3, 6), (3, 7))	117	4
((3, 2), (3, 4), (3, 6))	62	2
((3, 2), (3, 5))	392	18
((3, 2), (3, 5), (3, 6), (3, 7))	24	1
((3, 2), (3, 6))	115	6
((3, 2), (3, 6), (3, 7))	16	1
((3, 2), (3, 6), (3, 7), (3, 8))	26	1
((3, 2), (3, 7))	38	2
((3, 2), (4, 2))	18879	1234
((3, 2), (4, 2), (5, 2))	12965	685
((3, 2), (4, 2), (5, 2), (6, 2))	8967	420
((3, 2), (4, 2), (5, 2), (6, 2), (7, 2))	3197	130
((3, 2), (4, 2), (5, 2), (6, 2), (8, 2))	4984	203
((3, 2), (4, 2), (5, 2), (7, 2))	1004	44
((3, 2), (4, 2), (5, 2), (7, 2), (8, 2))	2845	113
((3, 2), (4, 2), (5, 2), (8, 2))	197	10
((3, 2), (4, 2), (6, 2))	5127	256
((3, 2), (4, 2), (6, 2), (7, 2))	713	33
((3, 2), (4, 2), (6, 2), (7, 2), (8, 2))	1849	79
((3, 2), (4, 2), (7, 2))	208	11
((3, 2), (4, 2), (7, 2), (8, 2))	83	3
((3, 2), (4, 2), (8, 2))	90	6
((3, 2), (5, 2))	3292	169
((3, 2), (5, 2), (6, 2))	7833	348
((3, 2), (5, 2), (6, 2), (7, 2))	1712	72
((3, 2), (5, 2), (6, 2), (7, 2), (8, 2))	2749	101
((3, 2), (5, 2), (6, 2), (8, 2))	12	1
((3, 2), (5, 2), (7, 2))	81	4
((3, 2), (5, 2), (7, 2), (8, 2))	22	1
((3, 2), (6, 2))	750	43
((3, 2), (6, 2), (7, 2))	159	7
((3, 2), (6, 2), (7, 2), (8, 2))	105	4
((3, 2), (7, 2))	173	10
((3, 2), (7, 2), (8, 2))	87	4
((3, 2), (8, 2))	179	7
((3, 3),)	48084	3854
((3, 3), (3, 4))	13871	638
((3, 3), (3, 4), (3, 5))	41936	1689
((3, 3), (3, 4), (3, 5), (3, 6))	24103	907
((3, 3), (3, 4), (3, 5), (3, 6), (3, 7))	15421	542
((3, 3), (3, 4), (3, 5), (3, 7))	121	6
((3, 3), (3, 4), (3, 5), (3, 8))	33	1
((3, 3), (3, 4), (3, 6))	1608	67
((3, 3), (3, 4), (3, 6), (3, 7))	648	28
((3, 3), (3, 4), (3, 6), (3, 7), (3, 8))	296	11
((3, 3), (3, 4), (3, 7))	345	16
((3, 3), (3, 4), (3, 7), (3, 8))	48	3
((3, 3), (3, 4), (3, 8))	22	1
((3, 3), (3, 5))	3244	174
((3, 3), (3, 5), (3, 6))	1196	49
((3, 3), (3, 5), (3, 6), (3, 7))	356	15
((3, 3), (3, 5), (3, 6), (3, 7), (3, 8))	580	25
((3, 3), (3, 5), (3, 7))	79	5
((3, 3), (3, 5), (3, 7), (3, 8))	14	1
((3, 3), (3, 6))	353	16
((3, 3), (3, 6), (3, 7))	112	4
((3, 3), (3, 7))	183	10
((3, 3), (3, 8))	19	1
((3, 3), (4, 3))	94985	4722
((3, 3), (4, 3), (5, 3))	200970	8195
((3, 3), (4, 3), (5, 3), (6, 3))	38471	1447
((3, 3), (4, 3), (5, 3), (6, 3), (7, 3))	10670	375
((3, 3), (4, 3), (5, 3), (6, 3), (8, 3))	158	7
((3, 3), (4, 3), (5, 3), (7, 3))	1486	69
((3, 3), (4, 3), (5, 3), (7, 3), (8, 3))	595	22
((3, 3), (4, 3), (5, 3), (8, 3))	64	4
((3, 3), (4, 3), (6, 3))	7838	334
((3, 3), (4, 3), (6, 3), (7, 3))	1423	56
((3, 3), (4, 3), (6, 3), (7, 3), (8, 3))	429	17
((3, 3), (4, 3), (6, 3), (8, 3))	76	3
((3, 3), (4, 3), (7, 3))	753	39
((3, 3), (4, 3), (7, 3), (8, 3))	238	10
((3, 3), (4, 3), (8, 3))	275	15
((3, 3), (5, 3))	25740	1101
((3, 3), (5, 3), (6, 3))	9058	352
((3, 3), (5, 3), (6, 3), (7, 3))	2127	74
((3, 3), (5, 3), (6, 3), (7, 3), (8, 3))	2755	103
((3, 3), (5, 3), (7, 3))	384	18
((3, 3), (5, 3), (8, 3))	24	1
((3, 3), (6, 3))	1809	90
((3, 3), (6, 3), (7, 3))	415	19
((3, 3), (6, 3), (7, 3), (8, 3))	192	7
((3, 3), (6, 3), (8, 3))	19	1
((3, 3), (7, 3))	1067	55
((3, 3), (7, 3), (8, 3))	165	8
((3, 3), (8, 3))	198	10
((3, 4),)	15085	957
((3, 4), (3, 5))	16246	760
((3, 4), (3, 5), (3, 6))	24233	1001
((3, 4), (3, 5), (3, 6), (3, 7))	13792	523
((3, 4), (3, 5), (3, 6), (3, 7), (3, 8))	16367	582
((3, 4), (3, 5), (3, 6), (3, 8))	39	2
((3, 4), (3, 5), (3, 7))	821	35
((3, 4), (3, 5), (3, 7), (3, 8))	139	7
((3, 4), (3, 5), (3, 8))	96	4
((3, 4), (3, 6))	2814	132
((3, 4), (3, 6), (3, 7))	2168	87
((3, 4), (3, 6), (3, 7), (3, 8))	318	14
((3, 4), (3, 6), (3, 8))	17	1
((3, 4), (3, 7))	765	38
((3, 4), (3, 7), (3, 8))	286	14
((3, 4), (3, 8))	135	4
((3, 4), (5, 4))	2927	145
((3, 4), (5, 4), (6, 4))	1428	67
((3, 4), (5, 4), (6, 4), (7, 4))	334	15
((3, 4), (5, 4), (6, 4), (7, 4), (8, 4))	2424	90
((3, 4), (5, 4), (7, 4))	26	2
((3, 4), (6, 4))	2440	120
((3, 4), (6, 4), (7, 4))	574	24
((3, 4), (6, 4), (7, 4), (8, 4))	76	2
((3, 4), (7, 4))	1985	94
((3, 4), (7, 4), (8, 4))	594	25
((3, 4), (8, 4))	2372	107
((3, 5),)	72471	5204
((3, 5), (3, 6))	36516	1855
((3, 5), (3, 6), (3, 7))	48555	2009
((3, 5), (3, 6), (3, 7), (3, 8))	30126	1162
((3, 5), (3, 6), (3, 8))	5694	272
((3, 5), (3, 7))	31017	1611
((3, 5), (3, 7), (3, 8))	22468	1093
((3, 5), (3, 8))	5536	359
((3, 5), (4, 5))	195287	8898
((3, 5), (4, 5), (5, 5))	332285	12900
((3, 5), (4, 5), (5, 5), (6, 5))	60490	2355
((3, 5), (4, 5), (5, 5), (6, 5), (7, 5))	15575	623
((3, 5), (4, 5), (5, 5), (6, 5), (8, 5))	245	10
((3, 5), (4, 5), (5, 5), (7, 5))	2154	92
((3, 5), (4, 5), (5, 5), (7, 5), (8, 5))	760	27
((3, 5), (4, 5), (5, 5), (8, 5))	48	3
((3, 5), (4, 5), (6, 5))	13001	579
((3, 5), (4, 5), (6, 5), (7, 5))	2000	87
((3, 5), (4, 5), (6, 5), (7, 5), (8, 5))	671	29
((3, 5), (4, 5), (6, 5), (8, 5))	115	5
((3, 5), (4, 5), (7, 5))	1502	73
((3, 5), (4, 5), (7, 5), (8, 5))	457	19
((3, 5), (4, 5), (8, 5))	241	15
((3, 5), (5, 5))	15033	671
((3, 5), (5, 5), (6, 5))	2487	96
((3, 5), (5, 5), (6, 5), (7, 5))	408	17
((3, 5), (5, 5), (6, 5), (7, 5), (8, 5))	139	6
((3, 5), (5, 5), (6, 5), (8, 5))	23	1
((3, 5), (5, 5), (7, 5))	241	11
((3, 5), (5, 5), (7, 5), (8, 5))	55	3
((3, 5), (5, 5), (8, 5))	52	2
((3, 5), (6, 5))	2094	106
((3, 5), (6, 5), (7, 5))	511	23
((3, 5), (6, 5), (7, 5), (8, 5))	141	9
((3, 5), (6, 5), (8, 5))	59	2
((3, 5), (7, 5))	1586	76
((3, 5), (7, 5), (8, 5))	166	8
((3, 5), (8, 5))	294	13
((3, 6),)	19752	1933
((3, 6), (3, 7))	41580	2026
((3, 6), (3, 7), (3, 8))	32070	1482
((3, 6), (3, 8))	5234	339
((3, 6), (4, 6))	34452	1845
((3, 6), (4, 6), (5, 6))	24584	1189
((3, 6), (4, 6), (5, 6), (6, 6))	19715	912
((3, 6), (4, 6), (5, 6), (6, 6), (7, 6))	9486	390
((3, 6), (4, 6), (5, 6), (6, 6), (8, 6))	3305	142
((3, 6), (4, 6), (5, 6), (7, 6))	645	31
((3, 6), (4, 6), (5, 6), (7, 6), (8, 6))	3005	130
((3, 6), (4, 6), (5, 6), (8, 6))	350	18
((3, 6), (4, 6), (6, 6))	8966	424
((3, 6), (4, 6), (6, 6), (7, 6))	1796	77
((3, 6), (4, 6), (6, 6), (7, 6), (8, 6))	4089	165
((3, 6), (4, 6), (6, 6), (8, 6))	107	4
((3, 6), (4, 6), (7, 6))	384	16
((3, 6), (4, 6), (7, 6), (8, 6))	105	5
((3, 6), (4, 6), (8, 6))	136	10
((3, 6), (5, 6))	1713	100
((3, 6), (5, 6), (6, 6))	1887	83
((3, 6), (5, 6), (6, 6), (7, 6))	256	12
((3, 6), (5, 6), (6, 6), (7, 6), (8, 6))	1206	49
((3, 6), (5, 6), (7, 6))	35	2
((3, 6), (5, 6), (8, 6))	20	1
((3, 6), (6, 6))	614	29
((3, 6), (6, 6), (7, 6))	164	7
((3, 6), (6, 6), (7, 6), (8, 6))	29	2
((3, 6), (7, 6))	155	8
((3, 6), (7, 6), (8, 6))	29	2
((3, 6), (8, 6))	115	5
((3, 7),)	48237	4340
((3, 7), (3, 8))	34843	2134
((3, 7), (4, 7))	30027	1855
((3, 7), (4, 7), (5, 7))	34085	1759
((3, 7), (4, 7), (5, 7), (6, 7))	14341	670
((3, 7), (4, 7), (5, 7), (6, 7), (7, 7))	24399	1005
((3, 7), (4, 7), (5, 7), (6, 7), (8, 7))	8091	322
((3, 7), (4, 7), (5, 7), (7, 7))	6457	272
((3, 7), (4, 7), (5, 7), (7, 7), (8, 7))	5033	202
((3, 7), (4, 7), (5, 7), (8, 7))	174	9
((3, 7), (4, 7), (6, 7))	1340	63
((3, 7), (4, 7), (6, 7), (7, 7))	3496	149
((3, 7), (4, 7), (6, 7), (7, 7), (8, 7))	3810	142
((3, 7), (4, 7), (6, 7), (8, 7))	32	2
((3, 7), (4, 7), (7, 7))	720	35
((3, 7), (4, 7), (7, 7), (8, 7))	210	9
((3, 7), (4, 7), (8, 7))	83	3
((3, 7), (5, 7))	4158	285
((3, 7), (5, 7), (6, 7))	1369	62
((3, 7), (5, 7), (6, 7), (7, 7))	3451	157
((3, 7), (5, 7), (6, 7), (7, 7), (8, 7))	2216	92
((3, 7), (5, 7), (7, 7))	204	8
((3, 7), (5, 7), (7, 7), (8, 7))	78	4
((3, 7), (6, 7))	328	20
((3, 7), (6, 7), (7, 7))	330	19
((3, 7), (6, 7), (7, 7), (8, 7))	199	9
((3, 7), (7, 7))	272	12
((3, 7), (7, 7), (8, 7))	74	5
((3, 7), (8, 7))	58	4
((3, 8),)	26516	3106
((3, 8), (4, 8))	34802	2386
((3, 8), (4, 8), (5, 8))	35650	2156
((3, 8), (4, 8), (5, 8), (6, 8))	16989	936
((3, 8), (4, 8), (5, 8), (6, 8), (7, 8))	26595	1201
((3, 8), (4, 8), (5, 8), (6, 8), (8, 8))	9212	404
((3, 8), (4, 8), (5, 8), (7, 8))	664	38
((3, 8), (4, 8), (5, 8), (7, 8), (8, 8))	2448	108
((3, 8), (4, 8), (5, 8), (8, 8))	509	30
((3, 8), (4, 8), (6, 8))	2001	123
((3, 8), (4, 8), (6, 8), (7, 8))	267	17
((3, 8), (4, 8), (6, 8), (7, 8), (8, 8))	2380	103
((3, 8), (4, 8), (6, 8), (8, 8))	35	2
((3, 8), (4, 8), (7, 8))	30	3
((3, 8), (4, 8), (7, 8), (8, 8))	130	5
((3, 8), (4, 8), (8, 8))	48	4
((3, 8), (5, 8))	2228	177
((3, 8), (5, 8), (6, 8))	1133	82
((3, 8), (5, 8), (6, 8), (7, 8))	253	10
((3, 8), (5, 8), (6, 8), (7, 8), (8, 8))	1951	83
((3, 8), (5, 8), (7, 8), (8, 8))	42	3
((3, 8), (6, 8))	521	44
((3, 8), (6, 8), (7, 8))	231	11
((3, 8), (6, 8), (7, 8), (8, 8))	70	4
((3, 8), (7, 8))	181	11
((3, 8), (7, 8), (8, 8))	75	4
((3, 8), (8, 8))	139	10
((4, 0),)	20169	2070
((4, 0), (4, 1))	40457	2566
((4, 0), (4, 1), (4, 2))	40417	2099
((4, 0), (4, 1), (4, 2), (4, 3))	17444	775
((4, 0), (4, 1), (4, 2), (4, 3), (4, 4))	220220	8118
((4, 0), (4, 1), (4, 2), (4, 3), (4, 5))	22075	797
((4, 0), (4, 1), (4, 2), (4, 3), (4, 6))	1345	49
((4, 0), (4, 1), (4, 2), (4, 3), (4, 7))	97	4
((4, 0), (4, 1), (4, 2), (4, 5))	1022	47
((4, 0), (4, 1), (4, 2), (4, 5), (4, 6))	519	21
((4, 0), (4, 1), (4, 2), (4, 6))	149	11
((4, 0), (4, 1), (4, 2), (4, 7))	24	1
((4, 0), (4, 1), (4, 3))	544	29
((4, 0), (4, 1), (4, 3), (4, 5))	58	3
((4, 0), (4, 1), (4, 3), (4, 6))	14	1
((4, 0), (4, 1), (4, 5))	262	14
((4, 0), (4, 1), (4, 5), (4, 6))	84	3
((4, 0), (4, 1), (4, 5), (4, 6), (4, 7))	24	1
((4, 0), (4, 1), (4, 6))	18	2
((4, 0), (4, 2))	8315	497
((4, 0), (4, 2), (4, 3))	63	3
((4, 0), (4, 2), (4, 3), (4, 5))	53	2
((4, 0), (4, 3))	89	5
((4, 0), (4, 3), (4, 5))	19	1
((4, 0), (4, 5))	14	3
((4, 0), (4, 6))	9	1
((4, 0), (4, 6), (4, 7))	54	1
((4, 0), (5, 0))	31847	2329
((4, 0), (5, 0), (6, 0))	34207	2028
((4, 0), (5, 0), (6, 0), (7, 0))	12816	711
((4, 0), (5, 0), (6, 0), (7, 0), (8, 0))	7633	350
((4, 0), (5, 0), (6, 0), (8, 0))	27507	1350
((4, 0), (5, 0), (7, 0))	1936	110
((4, 0), (5, 0), (7, 0), (8, 0))	6502	299
((4, 0), (5, 0), (8, 0))	1504	81
((4, 0), (6, 0))	2225	138
((4, 0), (6, 0), (7, 0))	725	39
((4, 0), (6, 0), (7, 0), (8, 0))	2294	104
((4, 0), (6, 0), (8, 0))	57	4
((4, 0), (7, 0))	248	13
((4, 0), (7, 0), (8, 0))	178	9
((4, 0), (8, 0))	207	13
((4, 1),)	15442	1757
((4, 1), (4, 2))	22117	1479
((4, 1), (4, 2), (4, 3))	18027	871
((4, 1), (4, 2), (4, 3), (4, 5))	2901	119
((4, 1), (4, 2), (4, 3), (4, 5), (4, 6))	16695	609
((4, 1), (4, 2), (4, 3), (4, 5), (4, 7))	67	3
((4, 1), (4, 2), (4, 3), (4, 6))	437	20
((4, 1), (4, 2), (4, 3), (4, 6), (4, 7))	1420	59
((4, 1), (4, 2), (4, 3), (4, 6), (4, 8))	36	1
((4, 1), (4, 2), (4, 3), (4, 7))	28	2
((4, 1), (4, 2), (4, 3), (4, 7), (4, 8))	109	5
((4, 1), (4, 2), (4, 5))	1283	64
((4, 1), (4, 2), (4, 5), (4, 6))	414	18
((4, 1), (4, 2), (4, 5), (4, 6), (4, 7))	676	28
((4, 1), (4, 2), (4, 6))	589	29
((4, 1), (4, 2), (4, 6), (4, 7))	83	3
((4, 1), (4, 2), (4, 6), (4, 7), (4, 8))	68	2
((4, 1), (4, 2), (4, 7))	48	2
((4, 1), (4, 2), (4, 7), (4, 8))	17	1
((4, 1), (4, 2), (4, 8))	39	2
((4, 1), (4, 3))	937	58
((4, 1), (4, 3), (4, 5))	131	6
((4, 1), (4, 3), (4, 5), (4, 6), (4, 7))	79	2
((4, 1), (4, 3), (4, 6))	74	4
((4, 1), (4, 5))	450	26
((4, 1), (4, 5), (4, 6))	103	5
((4, 1), (4, 5), (4, 6), (4, 7))	11	1
((4, 1), (4, 6))	143	7
((4, 1), (4, 6), (4, 7))	20	1
((4, 1), (4, 7))	19	1
((4, 1), (5, 1))	18831	1371
((4, 1), (5, 1), (6, 1))	11790	636
((4, 1), (5, 1), (6, 1), (7, 1))	17863	838
((4, 1), (5, 1), (6, 1), (7, 1), (8, 1))	4610	194
((4, 1), (5, 1), (6, 1), (8, 1))	1480	74
((4, 1), (5, 1), (7, 1))	9060	421
((4, 1), (5, 1), (7, 1), (8, 1))	4652	211
((4, 1), (5, 1), (8, 1))	719	40
((4, 1), (6, 1))	1580	91
((4, 1), (6, 1), (7, 1))	7195	305
((4, 1), (6, 1), (7, 1), (8, 1))	2896	124
((4, 1), (6, 1), (8, 1))	87	4
((4, 1), (7, 1))	1264	64
((4, 1), (7, 1), (8, 1))	363	19
((4, 1), (8, 1))	183	10
((4, 2),)	45004	4104
((4, 2), (4, 3))	35611	1984
((4, 2), (4, 3), (4, 5))	10652	482
((4, 2), (4, 3), (4, 5), (4, 6))	3946	162
((4, 2), (4, 3), (4, 5), (4, 6), (4, 7))	21102	751
((4, 2), (4, 3), (4, 5), (4, 7))	209	7
((4, 2), (4, 3), (4, 5), (4, 7), (4, 8))	45	2
((4, 2), (4, 3), (4, 6))	3031	132
((4, 2), (4, 3), (4, 6), (4, 7))	627	31
((4, 2), (4, 3), (4, 6), (4, 7), (4, 8))	1285	51
((4, 2), (4, 3), (4, 7))	409	21
((4, 2), (4, 3), (4, 7), (4, 8))	128	6
((4, 2), (4, 3), (4, 8))	48	2
((4, 2), (4, 5))	7894	428
((4, 2), (4, 5), (4, 6))	2433	101
((4, 2), (4, 5), (4, 6), (4, 7))	357	18
((4, 2), (4, 5), (4, 6), (4, 7), (4, 8))	1364	53
((4, 2), (4, 5), (4, 7))	80	4
((4, 2), (4, 5), (4, 7), (4, 8))	73	3
((4, 2), (4, 6))	4352	228
((4, 2), (4, 6), (4, 7))	659	30
((4, 2), (4, 6), (4, 7), (4, 8))	53	3
((4, 2), (4, 7))	191	12
((4, 2), (4, 8))	8	1
((4, 2), (5, 2))	18171	1090
((4, 2), (5, 2), (6, 2))	47181	2222
((4, 2), (5, 2), (6, 2), (7, 2))	13643	597
((4, 2), (5, 2), (6, 2), (7, 2), (8, 2))	6617	271
((4, 2), (5, 2), (6, 2), (8, 2))	3327	145
((4, 2), (5, 2), (7, 2))	3517	172
((4, 2), (5, 2), (7, 2), (8, 2))	1251	54
((4, 2), (5, 2), (8, 2))	1287	69
((4, 2), (6, 2))	11104	536
((4, 2), (6, 2), (7, 2))	4430	189
((4, 2), (6, 2), (7, 2), (8, 2))	1388	58
((4, 2), (6, 2), (8, 2))	317	19
((4, 2), (7, 2))	1223	61
((4, 2), (7, 2), (8, 2))	421	21
((4, 2), (8, 2))	1370	81
((4, 3),)	15020	1141
((4, 3), (4, 5))	14812	703
((4, 3), (4, 5), (4, 6))	9566	429
((4, 3), (4, 5), (4, 6), (4, 7))	3205	120
((4, 3), (4, 5), (4, 6), (4, 7), (4, 8))	16069	619
((4, 3), (4, 5), (4, 6), (4, 8))	54	2
((4, 3), (4, 5), (4, 7))	266	13
((4, 3), (4, 5), (4, 7), (4, 8))	56	3
((4, 3), (4, 5), (4, 8))	25	1
((4, 3), (4, 6))	7077	347
((4, 3), (4, 6), (4, 7))	2177	99
((4, 3), (4, 6), (4, 7), (4, 8))	402	18
((4, 3), (4, 6), (4, 8))	29	2
((4, 3), (4, 7))	931	53
((4, 3), (4, 7), (4, 8))	213	11
((4, 3), (4, 8))	56	5
((4, 3), (5, 3))	44615	1900
((4, 3), (5, 3), (6, 3))	43781	1678
((4, 3), (5, 3), (6, 3), (7, 3))	11981	473
((4, 3), (5, 3), (6, 3), (7, 3), (8, 3))	4049	151
((4, 3), (5, 3), (6, 3), (8, 3))	279	12
((4, 3), (5, 3), (7, 3))	3264	158
((4, 3), (5, 3), (7, 3), (8, 3))	818	34
((4, 3), (5, 3), (8, 3))	349	15
((4, 3), (6, 3))	3041	129
((4, 3), (6, 3), (7, 3))	1362	54
((4, 3), (6, 3), (7, 3), (8, 3))	370	17
((4, 3), (6, 3), (8, 3))	54	4
((4, 3), (7, 3))	1057	55
((4, 3), (7, 3), (8, 3))	288	11
((4, 3), (8, 3))	376	24
((4, 4), (5, 4))	208096	7871
((4, 4), (5, 4), (6, 4))	972772	34589
((4, 4), (5, 4), (6, 4), (7, 4))	1150141	40351
((4, 4), (5, 4), (6, 4), (7, 4), (8, 4))	246865	9059
((4, 5),)	21313	1504
((4, 5), (4, 6))	46527	2202
((4, 5), (4, 6), (4, 7))	30298	1290
((4, 5), (4, 6), (4, 7), (4, 8))	19187	808
((4, 5), (4, 6), (4, 8))	427	23
((4, 5), (4, 7))	2751	156
((4, 5), (4, 7), (4, 8))	1695	84
((4, 5), (4, 8))	163	11
((4, 5), (5, 5))	82922	3307
((4, 5), (5, 5), (6, 5))	47896	1900
((4, 5), (5, 5), (6, 5), (7, 5))	17650	681
((4, 5), (5, 5), (6, 5), (7, 5), (8, 5))	7946	297
((4, 5), (5, 5), (6, 5), (8, 5))	348	14
((4, 5), (5, 5), (7, 5))	3454	157
((4, 5), (5, 5), (7, 5), (8, 5))	986	41
((4, 5), (5, 5), (8, 5))	128	7
((4, 5), (6, 5))	4148	207
((4, 5), (6, 5), (7, 5))	2126	99
((4, 5), (6, 5), (7, 5), (8, 5))	795	35
((4, 5), (6, 5), (8, 5))	157	7
((4, 5), (7, 5))	1827	88
((4, 5), (7, 5), (8, 5))	473	23
((4, 5), (8, 5))	408	21
((4, 6),)	69136	5064
((4, 6), (4, 7))	35977	1957
((4, 6), (4, 7), (4, 8))	43405	2184
((4, 6), (4, 8))	11775	695
((4, 6), (5, 6))	26958	1523
((4, 6), (5, 6), (6, 6))	75460	3425
((4, 6), (5, 6), (6, 6), (7, 6))	25521	1090
((4, 6), (5, 6), (6, 6), (7, 6), (8, 6))	15570	642
((4, 6), (5, 6), (6, 6), (8, 6))	2774	126
((4, 6), (5, 6), (7, 6))	3266	166
((4, 6), (5, 6), (7, 6), (8, 6))	1269	62
((4, 6), (5, 6), (8, 6))	1150	65
((4, 6), (6, 6))	20276	951
((4, 6), (6, 6), (7, 6))	8516	362
((4, 6), (6, 6), (7, 6), (8, 6))	2885	121
((4, 6), (6, 6), (8, 6))	668	30
((4, 6), (7, 6))	1779	91
((4, 6), (7, 6), (8, 6))	511	27
((4, 6), (8, 6))	1085	71
((4, 7),)	34055	3345
((4, 7), (4, 8))	50313	3149
((4, 7), (5, 7))	21141	1400
((4, 7), (5, 7), (6, 7))	20336	1042
((4, 7), (5, 7), (6, 7), (7, 7))	40321	1848
((4, 7), (5, 7), (6, 7), (7, 7), (8, 7))	16953	710
((4, 7), (5, 7), (6, 7), (8, 7))	1949	98
((4, 7), (5, 7), (7, 7))	12507	576
((4, 7), (5, 7), (7, 7), (8, 7))	5791	260
((4, 7), (5, 7), (8, 7))	740	40
((4, 7), (6, 7))	2662	142
((4, 7), (6, 7), (7, 7))	10424	473
((4, 7), (6, 7), (7, 7), (8, 7))	4716	205
((4, 7), (6, 7), (8, 7))	99	5
((4, 7), (7, 7))	1267	73
((4, 7), (7, 7), (8, 7))	653	35
((4, 7), (8, 7))	436	23
((4, 8),)	36992	3711
((4, 8), (5, 8))	49319	3478
((4, 8), (5, 8), (6, 8))	57297	3355
((4, 8), (5, 8), (6, 8), (7, 8))	27098	1436
((4, 8), (5, 8), (6, 8), (7, 8), (8, 8))	21568	985
((4, 8), (5, 8), (6, 8), (8, 8))	29788	1470
((4, 8), (5, 8), (7, 8))	3941	223
((4, 8), (5, 8), (7, 8), (8, 8))	7491	365
((4, 8), (5, 8), (8, 8))	2301	122
((4, 8), (6, 8))	3339	228
((4, 8), (6, 8), (7, 8))	2181	100
((4, 8), (6, 8), (7, 8), (8, 8))	5678	251
((4, 8), (6, 8), (8, 8))	300	18
((4, 8), (7, 8))	453	33
((4, 8), (7, 8), (8, 8))	282	15
((4, 8), (8, 8))	395	26
((5, 0),)	18093	2343
((5, 0), (5, 1))	32438	2001
((5, 0), (5, 1), (5, 2))	16988	862
((5, 0), (5, 1), (5, 2), (5, 3))	7296	307
((5, 0), (5, 1), (5, 2), (5, 3), (5, 4))	50	3
((5, 0), (5, 1), (5, 2), (5, 3), (5, 5))	28350	1052
((5, 0), (5, 1), (5, 2), (5, 3), (5, 6))	1453	54
((5, 0), (5, 1), (5, 2), (5, 5))	674	30
((5, 0), (5, 1), (5, 2), (5, 5), (5, 6))	955	38
((5, 0), (5, 1), (5, 2), (5, 6))	78	3
((5, 0), (5, 1), (5, 2), (5, 6), (5, 7))	73	3
((5, 0), (5, 1), (5, 3))	732	39
((5, 0), (5, 1), (5, 3), (5, 4))	67	2
((5, 0), (5, 1), (5, 3), (5, 4), (5, 5))	26	1
((5, 0), (5, 1), (5, 3), (5, 5))	59	3
((5, 0), (5, 1), (5, 3), (5, 5), (5, 6))	51	2
((5, 0), (5, 1), (5, 4))	0	1
((5, 0), (5, 1), (5, 5))	348	17
((5, 0), (5, 1), (5, 5), (5, 6))	54	2
((5, 0), (5, 1), (5, 5), (5, 6), (5, 7))	40	2
((5, 0), (5, 1), (5, 6))	76	4
((5, 0), (5, 2))	2913	174
((5, 0), (5, 2), (5, 3))	282	15
((5, 0), (5, 2), (5, 3), (5, 5), (5, 6))	34	1
((5, 0), (5, 2), (5, 4))	17	1
((5, 0), (5, 2), (5, 5))	58	3
((5, 0), (5, 3))	91	6
((5, 0), (5, 3), (5, 4))	30	1
((5, 0), (5, 3), (5, 5))	12	1
((5, 0), (5, 4))	19	1
((5, 0), (5, 4), (5, 5))	22	1
((5, 0), (5, 5))	72	5
((5, 0), (5, 5), (5, 6))	11	1
((5, 0), (5, 6))	21	1
((5, 0), (6, 0))	23404	1884
((5, 0), (6, 0), (7, 0))	16822	1029
((5, 0), (6, 0), (7, 0), (8, 0))	45292	2156
((5, 0), (6, 0), (8, 0))	38828	2126
((5, 0), (7, 0))	1211	80
((5, 0), (7, 0), (8, 0))	6407	332
((5, 0), (8, 0))	2048	117
((5, 1),)	33359	3568
((5, 1), (5, 2))	23669	1352
((5, 1), (5, 2), (5, 3))	32917	1337
((5, 1), (5, 2), (5, 3), (5, 4))	1505	63
((5, 1), (5, 2), (5, 3), (5, 4), (5, 5))	700	28
((5, 1), (5, 2), (5, 3), (5, 5))	10803	422
((5, 1), (5, 2), (5, 3), (5, 5), (5, 6))	25503	911
((5, 1), (5, 2), (5, 3), (5, 5), (5, 7))	111	4
((5, 1), (5, 2), (5, 3), (5, 6))	618	25
((5, 1), (5, 2), (5, 3), (5, 6), (5, 7))	639	22
((5, 1), (5, 2), (5, 3), (5, 7))	34	1
((5, 1), (5, 2), (5, 3), (5, 7), (5, 8))	98	3
((5, 1), (5, 2), (5, 4))	212	10
((5, 1), (5, 2), (5, 4), (5, 5))	92	4
((5, 1), (5, 2), (5, 4), (5, 5), (5, 6))	16	1
((5, 1), (5, 2), (5, 5))	2439	111
((5, 1), (5, 2), (5, 5), (5, 6))	690	27
((5, 1), (5, 2), (5, 5), (5, 6), (5, 7))	528	20
((5, 1), (5, 2), (5, 6))	312	18
((5, 1), (5, 2), (5, 6), (5, 7))	56	3
((5, 1), (5, 2), (5, 7))	37	3
((5, 1), (5, 2), (5, 7), (5, 8))	14	1
((5, 1), (5, 3))	4028	207
((5, 1), (5, 3), (5, 4))	188	8
((5, 1), (5, 3), (5, 4), (5, 5))	70	3
((5, 1), (5, 3), (5, 4), (5, 5), (5, 6))	23	1
((5, 1), (5, 3), (5, 5))	525	28
((5, 1), (5, 3), (5, 5), (5, 6))	86	4
((5, 1), (5, 3), (5, 6))	152	5
((5, 1), (5, 3), (5, 6), (5, 7))	20	1
((5, 1), (5, 3), (5, 6), (5, 7), (5, 8))	42	1
((5, 1), (5, 4))	166	8
((5, 1), (5, 4), (5, 5))	73	3
((5, 1), (5, 5))	2167	123
((5, 1), (5, 5), (5, 6))	269	10
((5, 1), (5, 6))	218	14
((5, 1), (5, 7))	9	1
((5, 1), (5, 8))	20	2
((5, 1), (6, 1))	19056	1239
((5, 1), (6, 1), (7, 1))	56063	2703
((5, 1), (6, 1), (7, 1), (8, 1))	23124	1032
((5, 1), (6, 1), (8, 1))	6692	353
((5, 1), (7, 1))	17088	857
((5, 1), (7, 1), (8, 1))	16183	755
((5, 1), (8, 1))	3322	202
((5, 2),)	23464	1828
((5, 2), (5, 3))	38406	1836
((5, 2), (5, 3), (5, 4))	3875	159
((5, 2), (5, 3), (5, 4), (5, 5))	2022	80
((5, 2), (5, 3), (5, 4), (5, 5), (5, 6))	1284	46
((5, 2), (5, 3), (5, 4), (5, 6), (5, 7))	17	1
((5, 2), (5, 3), (5, 5))	31032	1332
((5, 2), (5, 3), (5, 5), (5, 6))	10297	404
((5, 2), (5, 3), (5, 5), (5, 6), (5, 7))	25603	952
((5, 2), (5, 3), (5, 5), (5, 6), (5, 8))	54	1
((5, 2), (5, 3), (5, 5), (5, 7))	118	5
((5, 2), (5, 3), (5, 5), (5, 7), (5, 8))	20	1
((5, 2), (5, 3), (5, 6))	2305	106
((5, 2), (5, 3), (5, 6), (5, 7))	610	26
((5, 2), (5, 3), (5, 6), (5, 7), (5, 8))	1393	48
((5, 2), (5, 3), (5, 7))	293	14
((5, 2), (5, 3), (5, 7), (5, 8))	56	2
((5, 2), (5, 4))	431	19
((5, 2), (5, 4), (5, 5))	92	3
((5, 2), (5, 4), (5, 5), (5, 6))	64	3
((5, 2), (5, 5))	9061	425
((5, 2), (5, 5), (5, 6))	3261	125
((5, 2), (5, 5), (5, 6), (5, 7))	470	19
((5, 2), (5, 5), (5, 6), (5, 7), (5, 8))	876	27
((5, 2), (5, 5), (5, 7))	12	1
((5, 2), (5, 6))	1544	78
((5, 2), (5, 6), (5, 7))	328	18
((5, 2), (5, 6), (5, 7), (5, 8))	101	4
((5, 2), (5, 7))	319	15
((5, 2), (5, 7), (5, 8))	73	4
((5, 2), (5, 8))	0	1
((5, 2), (6, 2))	45697	2227
((5, 2), (6, 2), (7, 2))	32828	1392
((5, 2), (6, 2), (7, 2), (8, 2))	14179	623
((5, 2), (6, 2), (8, 2))	7075	340
((5, 2), (7, 2))	4592	235
((5, 2), (7, 2), (8, 2))	3495	164
((5, 2), (8, 2))	3411	203
((5, 3),)	154751	8510
((5, 3), (5, 4))	6779	300
((5, 3), (5, 4), (5, 5))	11535	474
((5, 3), (5, 4), (5, 5), (5, 6))	6271	229
((5, 3), (5, 4), (5, 5), (5, 6), (5, 7))	5078	182
((5, 3), (5, 4), (5, 5), (5, 7))	40	2
((5, 3), (5, 4), (5, 6))	161	7
((5, 3), (5, 4), (5, 6), (5, 7))	44	2
((5, 3), (5, 4), (5, 7))	25	1
((5, 3), (5, 5))	220354	9512
((5, 3), (5, 5), (5, 6))	124894	5005
((5, 3), (5, 5), (5, 6), (5, 7))	34221	1307
((5, 3), (5, 5), (5, 6), (5, 7), (5, 8))	50823	1898
((5, 3), (5, 5), (5, 6), (5, 8))	49	3
((5, 3), (5, 5), (5, 7))	951	45
((5, 3), (5, 5), (5, 7), (5, 8))	201	10
((5, 3), (5, 5), (5, 8))	10	1
((5, 3), (5, 6))	24991	1191
((5, 3), (5, 6), (5, 7))	7840	330
((5, 3), (5, 6), (5, 7), (5, 8))	1608	65
((5, 3), (5, 6), (5, 8))	78	4
((5, 3), (5, 7))	5200	284
((5, 3), (5, 7), (5, 8))	835	42
((5, 3), (5, 8))	224	13
((5, 3), (6, 3))	108090	4218
((5, 3), (6, 3), (7, 3))	141442	5212
((5, 3), (6, 3), (7, 3), (8, 3))	85301	3083
((5, 3), (6, 3), (8, 3))	9127	386
((5, 3), (7, 3))	26811	1260
((5, 3), (7, 3), (8, 3))	20382	920
((5, 3), (8, 3))	6782	340
((5, 4),)	2077	184
((5, 4), (5, 5))	6111	313
((5, 4), (5, 5), (5, 6))	7464	309
((5, 4), (5, 5), (5, 6), (5, 7))	4163	166
((5, 4), (5, 5), (5, 6), (5, 7), (5, 8))	8386	294
((5, 4), (5, 5), (5, 6), (5, 8))	37	2
((5, 4), (5, 5), (5, 7))	176	7
((5, 4), (5, 5), (5, 7), (5, 8))	93	4
((5, 4), (5, 6))	289	15
((5, 4), (5, 6), (5, 7))	121	6
((5, 4), (5, 7))	68	3
((5, 4), (6, 4))	2390	126
((5, 4), (6, 4), (7, 4))	1680	81
((5, 4), (6, 4), (7, 4), (8, 4))	1376	70
((5, 4), (6, 4), (8, 4))	71	3
((5, 4), (7, 4))	169	10
((5, 4), (7, 4), (8, 4))	144	8
((5, 4), (8, 4))	53	3
((5, 5),)	73805	4285
((5, 5), (5, 6))	41864	1923
((5, 5), (5, 6), (5, 7))	22002	954
((5, 5), (5, 6), (5, 7), (5, 8))	6396	269
((5, 5), (5, 6), (5, 8))	330	15
((5, 5), (5, 7))	2630	147
((5, 5), (5, 7), (5, 8))	1291	74
((5, 5), (5, 8))	197	14
((5, 5), (6, 5))	77896	3292
((5, 5), (6, 5), (7, 5))	86765	3535
((5, 5), (6, 5), (7, 5), (8, 5))	54261	2183
((5, 5), (6, 5), (8, 5))	5706	257
((5, 5), (7, 5))	15143	737
((5, 5), (7, 5), (8, 5))	10627	491
((5, 5), (8, 5))	3063	171
((5, 6),)	37197	2846
((5, 6), (5, 7))	25474	1322
((5, 6), (5, 7), (5, 8))	17108	863
((5, 6), (5, 8))	3188	230
((5, 6), (6, 6))	50488	2530
((5, 6), (6, 6), (7, 6))	44960	2042
((5, 6), (6, 6), (7, 6), (8, 6))	26597	1202
((5, 6), (6, 6), (8, 6))	8308	416
((5, 6), (7, 6))	5857	297
((5, 6), (7, 6), (8, 6))	3752	178
((5, 6), (8, 6))	4319	242
((5, 7),)	43561	4210
((5, 7), (5, 8))	28751	1823
((5, 7), (6, 7))	25077	1553
((5, 7), (6, 7), (7, 7))	71776	3487
((5, 7), (6, 7), (7, 7), (8, 7))	44190	1988
((5, 7), (6, 7), (8, 7))	8770	443
((5, 7), (7, 7))	22734	1158
((5, 7), (7, 7), (8, 7))	21085	938
((5, 7), (8, 7))	4292	268
((5, 8),)	25007	3067
((5, 8), (6, 8))	23886	1954
((5, 8), (6, 8), (7, 8))	22594	1379
((5, 8), (6, 8), (7, 8), (8, 8))	42208	2159
((5, 8), (6, 8), (8, 8))	35216	1999
((5, 8), (7, 8))	1858	120
((5, 8), (7, 8), (8, 8))	9073	482
((5, 8), (8, 8))	3111	205
((6, 0),)	30756	3546
((6, 0), (6, 1))	34735	2145
((6, 0), (6, 1), (6, 2))	92180	4150
((6, 0), (6, 1), (6, 2), (6, 3))	31893	1240
((6, 0), (6, 1), (6, 2), (6, 3), (6, 4))	7622	299
((6, 0), (6, 1), (6, 2), (6, 3), (6, 5))	21340	773
((6, 0), (6, 1), (6, 2), (6, 3), (6, 6))	687	27
((6, 0), (6, 1), (6, 2), (6, 4))	599	23
((6, 0), (6, 1), (6, 2), (6, 4), (6, 5))	135	4
((6, 0), (6, 1), (6, 2), (6, 5))	367	14
((6, 0), (6, 1), (6, 2), (6, 5), (6, 6))	475	15
((6, 0), (6, 1), (6, 2), (6, 6))	22	1
((6, 0), (6, 1), (6, 2), (6, 7))	17	1
((6, 0), (6, 1), (6, 2), (6, 7), (6, 8))	24	1
((6, 0), (6, 1), (6, 3))	1148	54
((6, 0), (6, 1), (6, 3), (6, 4))	38	1
((6, 0), (6, 1), (6, 3), (6, 4), (6, 5))	318	14
((6, 0), (6, 1), (6, 3), (6, 5))	13	1
((6, 0), (6, 1), (6, 3), (6, 5), (6, 6))	93	3
((6, 0), (6, 1), (6, 3), (6, 6))	42	1
((6, 0), (6, 1), (6, 4))	168	9
((6, 0), (6, 1), (6, 5))	455	20
((6, 0), (6, 1), (6, 5), (6, 6), (6, 7))	60	2
((6, 0), (6, 1), (6, 6))	47	3
((6, 0), (6, 1), (6, 6), (6, 7), (6, 8))	28	1
((6, 0), (6, 1), (6, 7))	29	1
((6, 0), (6, 2))	19633	1118
((6, 0), (6, 2), (6, 3))	1773	78
((6, 0), (6, 2), (6, 3), (6, 4))	475	20
((6, 0), (6, 2), (6, 3), (6, 4), (6, 5))	471	19
((6, 0), (6, 2), (6, 3), (6, 5))	21	1
((6, 0), (6, 2), (6, 3), (6, 5), (6, 6))	35	2
((6, 0), (6, 2), (6, 4))	100	4
((6, 0), (6, 3))	591	37
((6, 0), (6, 3), (6, 4))	121	6
((6, 0), (6, 3), (6, 4), (6, 5))	8	1
((6, 0), (6, 3), (6, 5))	22	1
((6, 0), (6, 4))	251	14
((6, 0), (6, 5))	123	6
((6, 0), (6, 6))	59	3
((6, 0), (6, 7))	46	1
((6, 0), (7, 0))	20172	1578
((6, 0), (7, 0), (8, 0))	50944	2732
((6, 0), (8, 0))	27982	1622
((6, 1),)	28330	2677
((6, 1), (6, 2))	79021	3855
((6, 1), (6, 2), (6, 3))	58079	2369
((6, 1), (6, 2), (6, 3), (6, 4))	6369	252
((6, 1), (6, 2), (6, 3), (6, 4), (6, 5))	2675	107
((6, 1), (6, 2), (6, 3), (6, 4), (6, 6))	109	4
((6, 1), (6, 2), (6, 3), (6, 5))	10660	400
((6, 1), (6, 2), (6, 3), (6, 5), (6, 6))	24566	900
((6, 1), (6, 2), (6, 3), (6, 5), (6, 7))	30	1
((6, 1), (6, 2), (6, 3), (6, 6))	1132	44
((6, 1), (6, 2), (6, 3), (6, 6), (6, 7))	586	19
((6, 1), (6, 2), (6, 3), (6, 7))	89	4
((6, 1), (6, 2), (6, 3), (6, 7), (6, 8))	23	1
((6, 1), (6, 2), (6, 4))	1238	51
((6, 1), (6, 2), (6, 4), (6, 5))	104	5
((6, 1), (6, 2), (6, 4), (6, 5), (6, 6))	85	3
((6, 1), (6, 2), (6, 4), (6, 6))	40	2
((6, 1), (6, 2), (6, 5))	2100	89
((6, 1), (6, 2), (6, 5), (6, 6))	700	30
((6, 1), (6, 2), (6, 5), (6, 6), (6, 7))	639	25
((6, 1), (6, 2), (6, 6))	359	17
((6, 1), (6, 2), (6, 6), (6, 7))	64	3
((6, 1), (6, 2), (6, 7), (6, 8))	59	2
((6, 1), (6, 2), (6, 8))	109	4
((6, 1), (6, 3))	1477	85
((6, 1), (6, 3), (6, 4))	319	16
((6, 1), (6, 3), (6, 4), (6, 5))	120	4
((6, 1), (6, 3), (6, 4), (6, 5), (6, 6))	199	8
((6, 1), (6, 3), (6, 5))	90	6
((6, 1), (6, 3), (6, 6), (6, 7))	28	1
((6, 1), (6, 4))	634	28
((6, 1), (6, 4), (6, 5))	18	2
((6, 1), (6, 4), (6, 5), (6, 6))	19	1
((6, 1), (6, 4), (6, 5), (6, 6), (6, 7))	63	3
((6, 1), (6, 5))	803	44
((6, 1), (6, 5), (6, 6))	217	9
((6, 1), (6, 5), (6, 6), (6, 7))	62	3
((6, 1), (6, 5), (6, 6), (6, 7), (6, 8))	22	1
((6, 1), (6, 6))	228	11
((6, 1), (6, 6), (6, 7))	16	1
((6, 1), (6, 7))	34	2
((6, 1), (6, 7), (6, 8))	19	1
((6, 1), (7, 1))	47639	2514
((6, 1), (7, 1), (8, 1))	46975	2194
((6, 1), (8, 1))	18004	1065
((6, 2),)	136152	7764
((6, 2), (6, 3))	268494	11629
((6, 2), (6, 3), (6, 4))	20332	883
((6, 2), (6, 3), (6, 4), (6, 5))	7380	312
((6, 2), (6, 3), (6, 4), (6, 5), (6, 6))	5058	216
((6, 2), (6, 3), (6, 4), (6, 5), (6, 7))	31	1
((6, 2), (6, 3), (6, 4), (6, 6))	236	10
((6, 2), (6, 3), (6, 4), (6, 6), (6, 7))	28	2
((6, 2), (6, 3), (6, 4), (6, 7))	32	2
((6, 2), (6, 3), (6, 4), (6, 7), (6, 8))	22	1
((6, 2), (6, 3), (6, 5))	90043	3663
((6, 2), (6, 3), (6, 5), (6, 6))	45434	1810
((6, 2), (6, 3), (6, 5), (6, 6), (6, 7))	31700	1150
((6, 2), (6, 3), (6, 5), (6, 6), (6, 8))	19	1
((6, 2), (6, 3), (6, 5), (6, 7))	125	5
((6, 2), (6, 3), (6, 6))	7506	326
((6, 2), (6, 3), (6, 6), (6, 7))	1088	47
((6, 2), (6, 3), (6, 6), (6, 7), (6, 8))	474	18
((6, 2), (6, 3), (6, 7))	329	18
((6, 2), (6, 3), (6, 7), (6, 8))	147	6
((6, 2), (6, 3), (6, 8))	25	2
((6, 2), (6, 4))	3473	153
((6, 2), (6, 4), (6, 5))	1552	68
((6, 2), (6, 4), (6, 5), (6, 6))	561	23
((6, 2), (6, 4), (6, 5), (6, 6), (6, 7))	288	11
((6, 2), (6, 4), (6, 6))	99	4
((6, 2), (6, 4), (6, 6), (6, 7))	20	1
((6, 2), (6, 5))	13686	630
((6, 2), (6, 5), (6, 6))	7473	333
((6, 2), (6, 5), (6, 6), (6, 7))	1155	49
((6, 2), (6, 5), (6, 6), (6, 7), (6, 8))	917	33
((6, 2), (6, 5), (6, 7))	36	1
((6, 2), (6, 6))	3836	196
((6, 2), (6, 6), (6, 7))	450	21
((6, 2), (6, 6), (6, 7), (6, 8))	50	2
((6, 2), (6, 7))	190	8
((6, 2), (6, 7), (6, 8))	32	1
((6, 2), (6, 8))	31	2
((6, 2), (7, 2))	73461	3451
((6, 2), (7, 2), (8, 2))	111064	4717
((6, 2), (8, 2))	90673	4333
((6, 3),)	27404	1836
((6, 3), (6, 4))	3963	201
((6, 3), (6, 4), (6, 5))	3361	166
((6, 3), (6, 4), (6, 5), (6, 6))	5087	222
((6, 3), (6, 4), (6, 5), (6, 6), (6, 7))	2773	116
((6, 3), (6, 4), (6, 5), (6, 6), (6, 8))	80	3
((6, 3), (6, 4), (6, 5), (6, 7))	52	2
((6, 3), (6, 4), (6, 5), (6, 7), (6, 8))	20	1
((6, 3), (6, 4), (6, 6))	615	31
((6, 3), (6, 4), (6, 6), (6, 7))	167	6
((6, 3), (6, 4), (6, 6), (6, 7), (6, 8))	133	3
((6, 3), (6, 4), (6, 7))	17	1
((6, 3), (6, 5))	18292	833
((6, 3), (6, 5), (6, 6))	51861	2197
((6, 3), (6, 5), (6, 6), (6, 7))	12089	486
((6, 3), (6, 5), (6, 6), (6, 7), (6, 8))	19733	727
((6, 3), (6, 5), (6, 6), (6, 8))	23	1
((6, 3), (6, 5), (6, 7))	236	10
((6, 3), (6, 5), (6, 7), (6, 8))	18	1
((6, 3), (6, 6))	7697	352
((6, 3), (6, 6), (6, 7))	2211	92
((6, 3), (6, 6), (6, 7), (6, 8))	463	20
((6, 3), (6, 6), (6, 8))	54	3
((6, 3), (6, 7))	719	39
((6, 3), (6, 7), (6, 8))	187	7
((6, 3), (6, 8))	73	4
((6, 3), (7, 3))	27027	1195
((6, 3), (7, 3), (8, 3))	31349	1371
((6, 3), (8, 3))	9956	532
((6, 4),)	11903	776
((6, 4), (6, 5))	3729	199
((6, 4), (6, 5), (6, 6))	20043	899
((6, 4), (6, 5), (6, 6), (6, 7))	8346	334
((6, 4), (6, 5), (6, 6), (6, 7), (6, 8))	5967	228
((6, 4), (6, 5), (6, 6), (6, 8))	19	2
((6, 4), (6, 5), (6, 7))	174	8
((6, 4), (6, 5), (6, 7), (6, 8))	20	1
((6, 4), (6, 5), (6, 8))	21	1
((6, 4), (6, 6))	2311	111
((6, 4), (6, 6), (6, 7))	1025	44
((6, 4), (6, 6), (6, 7), (6, 8))	554	21
((6, 4), (6, 7))	302	17
((6, 4), (6, 7), (6, 8))	102	5
((6, 4), (6, 8))	257	12
((6, 4), (7, 4))	4592	250
((6, 4), (7, 4), (8, 4))	4922	248
((6, 4), (8, 4))	957	49
((6, 5),)	34179	2341
((6, 5), (6, 6))	149719	6653
((6, 5), (6, 6), (6, 7))	84143	3347
((6, 5), (6, 6), (6, 7), (6, 8))	29682	1137
((6, 5), (6, 6), (6, 8))	880	51
((6, 5), (6, 7))	1733	101
((6, 5), (6, 7), (6, 8))	995	48
((6, 5), (6, 8))	361	21
((6, 5), (7, 5))	25977	1261
((6, 5), (7, 5), (8, 5))	28601	1282
((6, 5), (8, 5))	7553	435
((6, 6),)	84792	5218
((6, 6), (6, 7))	79683	3758
((6, 6), (6, 7), (6, 8))	98843	4437
((6, 6), (6, 8))	20115	1124
((6, 6), (7, 6))	57903	2845
((6, 6), (7, 6), (8, 6))	89503	4052
((6, 6), (8, 6))	56045	2741
((6, 7),)	36805	3368
((6, 7), (6, 8))	37969	2316
((6, 7), (7, 7))	68366	3706
((6, 7), (7, 7), (8, 7))	85298	4201
((6, 7), (8, 7))	18657	1108
((6, 8),)	41545	4487
((6, 8), (7, 8))	24486	1842
((6, 8), (7, 8), (8, 8))	71599	3980
((6, 8), (8, 8))	38842	2315
((7, 0),)	21639	2333
((7, 0), (7, 1))	110629	5808
((7, 0), (7, 1), (7, 2))	145450	6645
((7, 0), (7, 1), (7, 2), (7, 3))	125636	5172
((7, 0), (7, 1), (7, 2), (7, 3), (7, 4))	47331	1825
((7, 0), (7, 1), (7, 2), (7, 3), (7, 5))	29760	1109
((7, 0), (7, 1), (7, 2), (7, 3), (7, 6))	183	7
((7, 0), (7, 1), (7, 2), (7, 4))	3808	159
((7, 0), (7, 1), (7, 2), (7, 4), (7, 5))	541	21
((7, 0), (7, 1), (7, 2), (7, 4), (7, 6))	25	1
((7, 0), (7, 1), (7, 2), (7, 5))	1144	47
((7, 0), (7, 1), (7, 2), (7, 5), (7, 6))	242	8
((7, 0), (7, 1), (7, 3))	9295	452
((7, 0), (7, 1), (7, 3), (7, 4))	913	41
((7, 0), (7, 1), (7, 3), (7, 4), (7, 5))	301	11
((7, 0), (7, 1), (7, 3), (7, 5))	153	7
((7, 0), (7, 1), (7, 3), (7, 5), (7, 6))	114	5
((7, 0), (7, 1), (7, 4))	1107	52
((7, 0), (7, 1), (7, 4), (7, 5))	69	4
((7, 0), (7, 1), (7, 4), (7, 5), (7, 6))	142	4
((7, 0), (7, 1), (7, 5))	421	20
((7, 0), (7, 1), (7, 5), (7, 6))	46	1
((7, 0), (7, 1), (7, 6))	82	3
((7, 0), (7, 1), (7, 7))	21	1
((7, 0), (7, 2))	7301	472
((7, 0), (7, 2), (7, 3))	2210	111
((7, 0), (7, 2), (7, 3), (7, 4))	339	19
((7, 0), (7, 2), (7, 3), (7, 4), (7, 5))	770	33
((7, 0), (7, 2), (7, 3), (7, 5))	42	2
((7, 0), (7, 2), (7, 3), (7, 5), (7, 6))	28	1
((7, 0), (7, 2), (7, 3), (7, 6))	13	1
((7, 0), (7, 2), (7, 4))	34	2
((7, 0), (7, 2), (7, 5))	15	1
((7, 0), (7, 3))	1544	88
((7, 0), (7, 3), (7, 4))	146	7
((7, 0), (7, 3), (7, 5))	30	2
((7, 0), (7, 3), (7, 6))	12	1
((7, 0), (7, 4))	501	23
((7, 0), (7, 5))	323	19
((7, 0), (7, 5), (7, 6))	70	3
((7, 0), (7, 5), (7, 6), (7, 7))	31	1
((7, 0), (7, 6))	63	2
((7, 0), (7, 6), (7, 7))	52	2
((7, 0), (7, 7))	57	3
((7, 0), (8, 0))	64425	3813
((7, 1),)	95527	6314
((7, 1), (7, 2))	151067	7240
((7, 1), (7, 2), (7, 3))	252314	10357
((7, 1), (7, 2), (7, 3), (7, 4))	87395	3327
((7, 1), (7, 2), (7, 3), (7, 4), (7, 5))	20061	754
((7, 1), (7, 2), (7, 3), (7, 4), (7, 6))	737	23
((7, 1), (7, 2), (7, 3), (7, 4), (7, 7))	7	1
((7, 1), (7, 2), (7, 3), (7, 5))	48227	1792
((7, 1), (7, 2), (7, 3), (7, 5), (7, 6))	27172	916
((7, 1), (7, 2), (7, 3), (7, 5), (7, 7))	66	2
((7, 1), (7, 2), (7, 3), (7, 5), (7, 8))	34	1
((7, 1), (7, 2), (7, 3), (7, 6))	487	19
((7, 1), (7, 2), (7, 3), (7, 6), (7, 7))	417	13
((7, 1), (7, 2), (7, 3), (7, 7))	140	6
((7, 1), (7, 2), (7, 3), (7, 8))	35	2
((7, 1), (7, 2), (7, 4))	9075	392
((7, 1), (7, 2), (7, 4), (7, 5))	1778	72
((7, 1), (7, 2), (7, 4), (7, 5), (7, 6))	897	30
((7, 1), (7, 2), (7, 4), (7, 6))	47	2
((7, 1), (7, 2), (7, 4), (7, 6), (7, 7))	31	1
((7, 1), (7, 2), (7, 5))	3604	166
((7, 1), (7, 2), (7, 5), (7, 6))	1000	39
((7, 1), (7, 2), (7, 5), (7, 6), (7, 7))	394	15
((7, 1), (7, 2), (7, 5), (7, 7))	48	2
((7, 1), (7, 2), (7, 6))	159	7
((7, 1), (7, 2), (7, 6), (7, 7))	227	8
((7, 1), (7, 2), (7, 6), (7, 8))	28	1
((7, 1), (7, 2), (7, 7))	79	4
((7, 1), (7, 2), (7, 8))	102	4
((7, 1), (7, 3))	16785	904
((7, 1), (7, 3), (7, 4))	3533	170
((7, 1), (7, 3), (7, 4), (7, 5))	980	37
((7, 1), (7, 3), (7, 4), (7, 5), (7, 6))	653	24
((7, 1), (7, 3), (7, 5))	1179	61
((7, 1), (7, 3), (7, 5), (7, 6))	191	9
((7, 1), (7, 3), (7, 5), (7, 6), (7, 7))	66	4
((7, 1), (7, 3), (7, 6))	39	2
((7, 1), (7, 3), (7, 6), (7, 7))	15	1
((7, 1), (7, 4))	3013	168
((7, 1), (7, 4), (7, 5))	1033	49
((7, 1), (7, 4), (7, 5), (7, 6))	369	12
((7, 1), (7, 4), (7, 5), (7, 6), (7, 7))	125	4
((7, 1), (7, 4), (7, 6))	31	1
((7, 1), (7, 4), (7, 6), (7, 7))	27	1
((7, 1), (7, 5))	1878	100
((7, 1), (7, 5), (7, 6))	194	9
((7, 1), (7, 5), (7, 6), (7, 7))	140	7
((7, 1), (7, 6))	134	7
((7, 1), (7, 6), (7, 7))	9	1
((7, 1), (7, 7))	100	3
((7, 1), (7, 8))	42	2
((7, 1), (8, 1))	82555	4071
((7, 2),)	24469	2054
((7, 2), (7, 3))	31771	1650
((7, 2), (7, 3), (7, 4))	16433	743
((7, 2), (7, 3), (7, 4), (7, 5))	4477	193
((7, 2), (7, 3), (7, 4), (7, 5), (7, 6))	5635	206
((7, 2), (7, 3), (7, 4), (7, 5), (7, 7))	130	6
((7, 2), (7, 3), (7, 4), (7, 6))	156	8
((7, 2), (7, 3), (7, 4), (7, 6), (7, 7))	624	24
((7, 2), (7, 3), (7, 4), (7, 7))	96	6
((7, 2), (7, 3), (7, 4), (7, 7), (7, 8))	24	1
((7, 2), (7, 3), (7, 5))	6905	322
((7, 2), (7, 3), (7, 5), (7, 6))	1414	54
((7, 2), (7, 3), (7, 5), (7, 6), (7, 7))	29748	1041
((7, 2), (7, 3), (7, 5), (7, 6), (7, 8))	73	3
((7, 2), (7, 3), (7, 5), (7, 7))	296	12
((7, 2), (7, 3), (7, 5), (7, 7), (7, 8))	113	4
((7, 2), (7, 3), (7, 6))	218	9
((7, 2), (7, 3), (7, 6), (7, 7))	886	40
((7, 2), (7, 3), (7, 6), (7, 7), (7, 8))	364	12
((7, 2), (7, 3), (7, 6), (7, 8))	34	1
((7, 2), (7, 3), (7, 7))	140	7
((7, 2), (7, 3), (7, 7), (7, 8))	47	4
((7, 2), (7, 3), (7, 8))	7	1
((7, 2), (7, 4))	2269	106
((7, 2), (7, 4), (7, 5))	671	29
((7, 2), (7, 4), (7, 5), (7, 6))	147	7
((7, 2), (7, 4), (7, 5), (7, 6), (7, 7))	832	32
((7, 2), (7, 4), (7, 6))	18	1
((7, 2), (7, 4), (7, 6), (7, 7))	34	1
((7, 2), (7, 4), (7, 6), (7, 7), (7, 8))	38	1
((7, 2), (7, 4), (7, 7))	19	2
((7, 2), (7, 5))	1312	64
((7, 2), (7, 5), (7, 6))	420	19
((7, 2), (7, 5), (7, 6), (7, 7))	1094	48
((7, 2), (7, 5), (7, 6), (7, 7), (7, 8))	596	20
((7, 2), (7, 5), (7, 7))	45	2
((7, 2), (7, 5), (7, 7), (7, 8))	52	1
((7, 2), (7, 6))	128	6
((7, 2), (7, 6), (7, 7))	217	10
((7, 2), (7, 6), (7, 7), (7, 8))	9	1
((7, 2), (7, 7))	72	4
((7, 2), (7, 7), (7, 8))	50	1
((7, 2), (7, 8))	25	1
((7, 2), (8, 2))	44033	2307
((7, 3),)	41967	3231
((7, 3), (7, 4))	11301	594
((7, 3), (7, 4), (7, 5))	13252	604
((7, 3), (7, 4), (7, 5), (7, 6))	6151	257
((7, 3), (7, 4), (7, 5), (7, 6), (7, 7))	15329	584
((7, 3), (7, 4), (7, 5), (7, 6), (7, 8))	323	14
((7, 3), (7, 4), (7, 5), (7, 7))	598	27
((7, 3), (7, 4), (7, 5), (7, 7), (7, 8))	240	11
((7, 3), (7, 4), (7, 6))	509	27
((7, 3), (7, 4), (7, 6), (7, 7))	1353	58
((7, 3), (7, 4), (7, 6), (7, 7), (7, 8))	909	33
((7, 3), (7, 4), (7, 7))	84	6
((7, 3), (7, 4), (7, 7), (7, 8))	13	1
((7, 3), (7, 4), (7, 8))	13	1
((7, 3), (7, 5))	22115	1112
((7, 3), (7, 5), (7, 6))	10838	452
((7, 3), (7, 5), (7, 6), (7, 7))	50138	1901
((7, 3), (7, 5), (7, 6), (7, 7), (7, 8))	34602	1217
((7, 3), (7, 5), (7, 6), (7, 8))	23	1
((7, 3), (7, 5), (7, 7))	1295	58
((7, 3), (7, 5), (7, 7), (7, 8))	211	9
((7, 3), (7, 5), (7, 8))	27	2
((7, 3), (7, 6))	1496	74
((7, 3), (7, 6), (7, 7))	3157	148
((7, 3), (7, 6), (7, 7), (7, 8))	1194	48
((7, 3), (7, 7))	967	51
((7, 3), (7, 7), (7, 8))	168	8
((7, 3), (7, 8))	388	18
((7, 3), (8, 3))	32028	1819
((7, 4),)	29215	1858
((7, 4), (7, 5))	9463	512
((7, 4), (7, 5), (7, 6))	15675	646
((7, 4), (7, 5), (7, 6), (7, 7))	55118	2160
((7, 4), (7, 5), (7, 6), (7, 7), (7, 8))	39667	1455
((7, 4), (7, 5), (7, 6), (7, 8))	183	8
((7, 4), (7, 5), (7, 7))	1997	101
((7, 4), (7, 5), (7, 7), (7, 8))	641	27
((7, 4), (7, 5), (7, 8))	47	4
((7, 4), (7, 6))	1448	64
((7, 4), (7, 6), (7, 7))	3947	174
((7, 4), (7, 6), (7, 7), (7, 8))	1690	71
((7, 4), (7, 6), (7, 8))	36	3
((7, 4), (7, 7))	532	32
((7, 4), (7, 7), (7, 8))	502	26
((7, 4), (7, 8))	202	14
((7, 4), (8, 4))	28827	1464
((7, 5),)	42064	3618
((7, 5), (7, 6))	23869	1318
((7, 5), (7, 6), (7, 7))	167151	7154
((7, 5), (7, 6), (7, 7), (7, 8))	101682	4126
((7, 5), (7, 6), (7, 8))	2449	138
((7, 5), (7, 7))	14177	752
((7, 5), (7, 7), (7, 8))	12735	584
((7, 5), (7, 8))	1321	93
((7, 5), (8, 5))	31676	1861
((7, 6),)	29440	2612
((7, 6), (7, 7))	100038	5039
((7, 6), (7, 7), (7, 8))	132522	6213
((7, 6), (7, 8))	9762	652
((7, 6), (8, 6))	30381	1909
((7, 7),)	58968	4149
((7, 7), (7, 8))	106053	5659
((7, 7), (8, 7))	80193	4299
((7, 8),)	34941	3613
((7, 8), (8, 8))	79663	5210
((8, 0),)	63018	5028
((8, 0), (8, 1))	203996	11817
((8, 0), (8, 1), (8, 2))	189542	9743
((8, 0), (8, 1), (8, 2), (8, 3))	115746	5484
((8, 0), (8, 1), (8, 2), (8, 3), (8, 4))	97890	3895
((8, 0), (8, 1), (8, 2), (8, 3), (8, 5))	11075	436
((8, 0), (8, 1), (8, 2), (8, 3), (8, 6))	34	2
((8, 0), (8, 1), (8, 2), (8, 4))	13230	605
((8, 0), (8, 1), (8, 2), (8, 4), (8, 5))	2909	119
((8, 0), (8, 1), (8, 2), (8, 5))	248	12
((8, 0), (8, 1), (8, 2), (8, 5), (8, 6))	47	3
((8, 0), (8, 1), (8, 2), (8, 6))	36	1
((8, 0), (8, 1), (8, 2), (8, 8))	14	1
((8, 0), (8, 1), (8, 3))	20686	1142
((8, 0), (8, 1), (8, 3), (8, 4))	4681	221
((8, 0), (8, 1), (8, 3), (8, 4), (8, 5))	1192	54
((8, 0), (8, 1), (8, 3), (8, 5))	70	4
((8, 0), (8, 1), (8, 3), (8, 5), (8, 6))	26	1
((8, 0), (8, 1), (8, 4))	1523	80
((8, 0), (8, 1), (8, 4), (8, 5))	120	6
((8, 0), (8, 1), (8, 4), (8, 5), (8, 6))	5	1
((8, 0), (8, 1), (8, 5))	421	20
((8, 0), (8, 1), (8, 5), (8, 6))	23	1
((8, 0), (8, 1), (8, 5), (8, 6), (8, 7))	26	1
((8, 0), (8, 1), (8, 6))	110	6
((8, 0), (8, 1), (8, 6), (8, 7))	24	1
((8, 0), (8, 1), (8, 7))	4	1
((8, 0), (8, 1), (8, 7), (8, 8))	15	1
((8, 0), (8, 1), (8, 8))	32	1
((8, 0), (8, 2))	18249	1141
((8, 0), (8, 2), (8, 3))	10422	550
((8, 0), (8, 2), (8, 3), (8, 4))	4006	214
((8, 0), (8, 2), (8, 3), (8, 4), (8, 5))	1522	67
((8, 0), (8, 2), (8, 3), (8, 5))	12	1
((8, 0), (8, 2), (8, 3), (8, 5), (8, 6))	79	3
((8, 0), (8, 2), (8, 4))	300	17
((8, 0), (8, 2), (8, 4), (8, 5))	16	1
((8, 0), (8, 2), (8, 5))	41	2
((8, 0), (8, 3))	5804	365
((8, 0), (8, 3), (8, 4))	1464	83
((8, 0), (8, 3), (8, 4), (8, 5))	170	10
((8, 0), (8, 3), (8, 4), (8, 5), (8, 6))	74	3
((8, 0), (8, 3), (8, 5))	14	2
((8, 0), (8, 4))	787	44
((8, 0), (8, 4), (8, 5))	52	3
((8, 0), (8, 4), (8, 5), (8, 6))	30	2
((8, 0), (8, 5))	102	6
((8, 0), (8, 6))	125	7
((8, 1),)	28413	2794
((8, 1), (8, 2))	34666	2070
((8, 1), (8, 2), (8, 3))	35321	1857
((8, 1), (8, 2), (8, 3), (8, 4))	45367	1988
((8, 1), (8, 2), (8, 3), (8, 4), (8, 5))	19043	808
((8, 1), (8, 2), (8, 3), (8, 4), (8, 6))	1445	56
((8, 1), (8, 2), (8, 3), (8, 5))	969	49
((8, 1), (8, 2), (8, 3), (8, 5), (8, 6))	3559	144
((8, 1), (8, 2), (8, 3), (8, 5), (8, 7))	31	1
((8, 1), (8, 2), (8, 3), (8, 6))	35	1
((8, 1), (8, 2), (8, 3), (8, 6), (8, 7))	42	2
((8, 1), (8, 2), (8, 4))	3261	172
((8, 1), (8, 2), (8, 4), (8, 5))	660	29
((8, 1), (8, 2), (8, 4), (8, 5), (8, 6))	1610	64
((8, 1), (8, 2), (8, 4), (8, 6))	32	1
((8, 1), (8, 2), (8, 5))	231	12
((8, 1), (8, 2), (8, 5), (8, 6), (8, 7))	18	1
((8, 1), (8, 2), (8, 6))	24	2
((8, 1), (8, 2), (8, 7))	12	1
((8, 1), (8, 2), (8, 7), (8, 8))	32	2
((8, 1), (8, 2), (8, 8))	18	1
((8, 1), (8, 3))	3037	216
((8, 1), (8, 3), (8, 4))	1768	94
((8, 1), (8, 3), (8, 4), (8, 5))	364	19
((8, 1), (8, 3), (8, 4), (8, 5), (8, 6))	673	29
((8, 1), (8, 3), (8, 5))	125	7
((8, 1), (8, 3), (8, 5), (8, 6))	18	1
((8, 1), (8, 3), (8, 5), (8, 6), (8, 7))	14	1
((8, 1), (8, 4))	501	31
((8, 1), (8, 4), (8, 5))	62	4
((8, 1), (8, 4), (8, 5), (8, 6), (8, 7))	22	1
((8, 1), (8, 5))	268	14
((8, 1), (8, 5), (8, 6))	28	2
((8, 1), (8, 6))	29	4
((8, 1), (8, 6), (8, 7))	59	2
((8, 1), (8, 7))	5	1
((8, 2),)	59800	5129
((8, 2), (8, 3))	41730	2717
((8, 2), (8, 3), (8, 4))	59862	3005
((8, 2), (8, 3), (8, 4), (8, 5))	25931	1233
((8, 2), (8, 3), (8, 4), (8, 5), (8, 6))	18356	811
((8, 2), (8, 3), (8, 4), (8, 5), (8, 7))	860	35
((8, 2), (8, 3), (8, 4), (8, 5), (8, 8))	49	2
((8, 2), (8, 3), (8, 4), (8, 6))	794	43
((8, 2), (8, 3), (8, 4), (8, 6), (8, 7))	1082	40
((8, 2), (8, 3), (8, 4), (8, 7))	13	1
((8, 2), (8, 3), (8, 4), (8, 7), (8, 8))	26	1
((8, 2), (8, 3), (8, 5))	3294	187
((8, 2), (8, 3), (8, 5), (8, 6))	833	45
((8, 2), (8, 3), (8, 5), (8, 6), (8, 7))	3636	147
((8, 2), (8, 3), (8, 5), (8, 6), (8, 8))	64	2
((8, 2), (8, 3), (8, 5), (8, 7))	27	2
((8, 2), (8, 3), (8, 6))	122	6
((8, 2), (8, 3), (8, 6), (8, 7))	49	3
((8, 2), (8, 3), (8, 7), (8, 8))	14	1
((8, 2), (8, 3), (8, 8))	165	7
((8, 2), (8, 4))	5980	331
((8, 2), (8, 4), (8, 5))	2595	140
((8, 2), (8, 4), (8, 5), (8, 6))	1015	48
((8, 2), (8, 4), (8, 5), (8, 6), (8, 7))	1574	59
((8, 2), (8, 4), (8, 6))	2	1
((8, 2), (8, 4), (8, 6), (8, 7))	37	2
((8, 2), (8, 5))	794	48
((8, 2), (8, 5), (8, 6))	189	11
((8, 2), (8, 5), (8, 6), (8, 7), (8, 8))	111	4
((8, 2), (8, 6))	239	14
((8, 2), (8, 6), (8, 7))	54	2
((8, 2), (8, 7))	36	3
((8, 2), (8, 7), (8, 8))	47	2
((8, 2), (8, 8))	128	6
((8, 3),)	45012	4689
((8, 3), (8, 4))	30587	1855
((8, 3), (8, 4), (8, 5))	30805	1626
((8, 3), (8, 4), (8, 5), (8, 6))	17759	840
((8, 3), (8, 4), (8, 5), (8, 6), (8, 7))	16662	689
((8, 3), (8, 4), (8, 5), (8, 6), (8, 8))	1423	69
((8, 3), (8, 4), (8, 5), (8, 7))	192	11
((8, 3), (8, 4), (8, 5), (8, 7), (8, 8))	1053	49
((8, 3), (8, 4), (8, 5), (8, 8))	35	4
((8, 3), (8, 4), (8, 6))	1825	107
((8, 3), (8, 4), (8, 6), (8, 7))	467	18
((8, 3), (8, 4), (8, 6), (8, 7), (8, 8))	1971	87
((8, 3), (8, 4), (8, 6), (8, 8))	56	4
((8, 3), (8, 4), (8, 7))	7	2
((8, 3), (8, 4), (8, 7), (8, 8))	20	1
((8, 3), (8, 4), (8, 8))	70	4
((8, 3), (8, 5))	7028	403
((8, 3), (8, 5), (8, 6))	4806	218
((8, 3), (8, 5), (8, 6), (8, 7))	1077	48
((8, 3), (8, 5), (8, 6), (8, 7), (8, 8))	8943	353
((8, 3), (8, 5), (8, 6), (8, 8))	59	5
((8, 3), (8, 5), (8, 7))	80	5
((8, 3), (8, 5), (8, 7), (8, 8))	31	1
((8, 3), (8, 5), (8, 8))	14	1
((8, 3), (8, 6))	446	33
((8, 3), (8, 6), (8, 7))	211	8
((8, 3), (8, 6), (8, 7), (8, 8))	279	13
((8, 3), (8, 7))	218	10
((8, 3), (8, 7), (8, 8))	344	14
((8, 3), (8, 8))	114	6
((8, 4),)	66685	4552
((8, 4), (8, 5))	34385	2049
((8, 4), (8, 5), (8, 6))	62194	3045
((8, 4), (8, 5), (8, 6), (8, 7))	41404	1703
((8, 4), (8, 5), (8, 6), (8, 7), (8, 8))	68215	2717
((8, 4), (8, 5), (8, 6), (8, 8))	6356	343
((8, 4), (8, 5), (8, 7))	2514	134
((8, 4), (8, 5), (8, 7), (8, 8))	4560	230
((8, 4), (8, 5), (8, 8))	636	41
((8, 4), (8, 6))	6340	354
((8, 4), (8, 6), (8, 7))	2656	125
((8, 4), (8, 6), (8, 7), (8, 8))	7254	339
((8, 4), (8, 6), (8, 8))	146	13
((8, 4), (8, 7))	399	27
((8, 4), (8, 7), (8, 8))	376	26
((8, 4), (8, 8))	375	28
((8, 5),)	38175	4234
((8, 5), (8, 6))	34491	2413
((8, 5), (8, 6), (8, 7))	29056	1567
((8, 5), (8, 6), (8, 7), (8, 8))	69900	3497
((8, 5), (8, 6), (8, 8))	18432	1084
((8, 5), (8, 7))	2837	226
((8, 5), (8, 7), (8, 8))	13399	715
((8, 5), (8, 8))	3354	199
((8, 6),)	49309	4831
((8, 6), (8, 7))	29376	1993
((8, 6), (8, 7), (8, 8))	111987	6058
((8, 6), (8, 8))	27334	1731
((8, 7),)	32356	3420
((8, 7), (8, 8))	127180	7904
((8, 8),)	65619	5740
